0.650659
-0.302162
-0.441786
-0.686649
-0.468231
0.396330
-0.072652
-0.466954
-0.781274
0.035928
0.293625
-1.095806
-0.229543
0.116850
-0.868767
0.335220
0.557885
-0.087258
-0.970600
-0.927082
0.148994
-0.134664
-0.583654
-0.321120
0.181128
0.128885
-0.437936
0.647025
0.622098
0.290101
-0.351323
0.484438
-0.376667
0.427702
-0.143409
0.516117
0.008369
-0.705001
0.154429
0.366030
0.568203
-0.605339
0.019981
-0.692136
-0.000150
-0.454763
0.651615
-0.506894
0.239417
1.063505
0.000000
0.240667
1.187731
-1.009067
-0.233930
-1.273156
-0.009086
0.665599
-0.181563
-0.297474
-0.652137
0.252214
-0.503020
-1.229284
-1.279914
-1.761978
0.031321
0.050780
0.196207
-0.303789
-1.365877
0.216808
0.352352
-0.444053
-1.544617
-0.617874
0.326217
-0.048938
-0.764009
0.460622
-0.220920
0.479010
0.278594
-0.242845
-0.037545
-0.117295
-1.232510
-0.515788
-0.370712
0.229117
0.000000
-1.043886
-1.288839
0.316515
-0.607266
0.713443
0.543150
-0.939028
0.130535
-0.398744
0.478172
-1.677036
-0.289708
0.039381
-0.252920
0.851744
-0.307179
-0.301514
0.000000
0.744136
0.750250
-0.020890
-0.445111
-0.221643
0.000000
0.652874
0.259305
-0.344389
-0.841750
-0.210401
0.572242
-0.613281
0.549723
-0.154670
0.435719
-1.506797
-0.273426
0.791452
0.039353
0.236965
-0.148451
-0.896606
-0.075700
0.000000
-0.678917
0.381215
-0.697504
-0.516625
0.121574
-0.316911
0.098639
-0.525434
0.000000
-0.054385
-0.201104
-0.861096
0.136555
-0.536812
0.497890
0.581280
0.113903
-0.385526
-0.833337
0.337159
-0.015983
0.220076
-0.675544
-0.538227
-0.030628
-1.237499
0.270606
0.631284
-0.019700
0.137252
0.064398
-0.848166
0.466675
-0.517246
-1.448312
-0.325446
0.233195
-0.899009
-1.159819
-1.131499
0.049835
0.528476
-0.699311
0.100174
-1.302315
0.119447
-1.791653
-0.357587
0.138997
-0.183020
-0.609074
-0.692211
-0.107345
-0.243314
-0.207973
0.350798
-0.992665
-0.272126
-1.360353
0.348023
-0.578522
-0.682722
-0.263358
-0.171069
0.406585
-0.865905
-0.728184
-0.749059
-0.403789
-0.593169
0.203804
0.216461
-0.317512
-0.833236
-0.867245
-0.349791
0.146306
-1.516554
0.614607
0.801335
0.403805
-0.303533
-0.807714
-0.316404
-0.137647
-1.465910
0.000000
0.105749
0.493613
-0.081565
-0.260709
-0.406836
-0.770576
-1.226173
0.122201
-0.009838
-0.239433
0.605747
0.218336
-1.145074
0.240391
-0.167052
-0.464863
-0.600104
-0.573512
-0.713218
-0.066684
-0.043764
-1.124016
-1.188920
-0.355988
0.763854
0.448043
-0.505482
0.325627
-0.720925
0.162474
-0.196385
0.034625
-0.333230
-1.297979
-0.765720
-0.137240
-1.047410
-0.572245
0.943358
0.204961
0.366604
0.381968
-0.115652
0.464885
-0.027149
-0.697141
-0.018225
0.181573
-0.440121
-0.266494
0.269400
-0.532325
-1.210016
-0.791015
-0.793765
-0.301141
-0.541522
0.317698
0.143812
0.209382
-0.210297
-0.123941
0.000000
0.000000
-0.023946
-0.423317
-0.290116
-0.132314
0.524598
-1.279228
-0.209143
0.641606
-0.402333
-0.502993
0.807241
-0.233737
0.528969
0.233392
0.333936
-0.139774
0.159412
-0.487607
-0.292087
-0.899366
0.797672
0.650220
0.552943
0.384646
-0.759626
-0.015427
-0.952777
-0.513766
0.383989
-0.747948
-0.033839
-0.291272
1.087280
0.479216
0.092826
0.406315
0.291636
0.000000
0.351978
-0.974162
0.862149
-0.866514
-0.458146
-0.139543
-0.745455
-0.386109
-0.943981
0.013663
0.400056
0.103530
-0.575793
0.415774
-0.542181
0.003478
-0.116882
0.274654
0.197342
-1.166856
-0.309750
0.360611
0.105098
-0.201383
0.307701
0.212910
-0.083418
-0.146056
-0.262278
-0.014966
-0.126639
-1.096731
0.598191
0.266871
-0.247199
-0.147812
-0.880569
-0.024635
-0.202357
0.856719
0.376493
-0.331681
-0.645410
-0.204800
0.039469
-0.071045
-0.531015
-0.238953
-0.243153
0.407584
-1.386670
0.115200
-0.193882
0.076503
-0.606028
-0.585629
0.144525
-0.178368
-0.496124
-0.193534
-0.464638
0.181964
-0.651103
-0.757130
0.242352
0.312655
0.185456
-0.222273
-0.542366
-1.540479
0.083356
0.000000
0.110561
-0.796226
0.170246
0.000000
0.000000
-0.234250
-0.020452
0.000000
0.298171
-1.320272
0.147983
-0.570118
-0.220872
-0.313018
-0.551172
-0.884063
0.111402
-0.814760
-0.826877
-0.967408
-1.022903
0.046832
-0.796127
-1.267542
-0.986324
-0.029417
-0.355883
-0.405263
-0.811192
0.227634
-0.427124
-1.085798
0.484858
-1.016889
-0.960435
0.267891
-0.884529
-0.606538
-0.407661
-0.868679
-0.808965
-1.345675
-0.742209
0.049065
0.332770
0.253050
-0.518372
-0.092382
-1.112264
-0.799301
0.613500
-0.947019
0.190049
0.249310
-0.175243
-0.317802
-0.030922
-0.221903
0.054518
-0.920415
0.568057
0.610425
-0.149400
-0.568079
-1.243611
0.023505
-0.774171
-0.654034
-0.681583
-0.025263
-0.672803
-0.288510
-0.172217
-0.461616
-1.560025
0.216160
-0.624881
-1.177460
0.340383
0.505243
-0.758907
0.046999
-0.834506
-0.614234
0.256860
-0.020912
0.111434
0.215438
-0.767039
-0.939474
-0.643501
-0.889345
-0.087600
-1.030540
-0.099200
-0.100768
0.294201
0.155962
-0.172009
0.077299
-0.173406
0.527392
-0.674589
-0.639080
-0.038568
0.266619
-1.510298
0.089473
-0.523622
-0.957424
0.089791
0.088732
0.461166
0.200444
-0.873176
-0.384854
-0.585923
-0.328860
0.070013
0.450487
-0.557161
-0.281683
-0.907997
-1.552464
-0.570572
-0.071754
0.178841
0.263771
0.145353
-0.128664
-0.486429
1.037454
-0.811320
0.544784
-0.005650
0.272849
-0.376500
-0.710973
0.350451
0.459046
-0.247815
-0.334930
0.370596
0.263266
-1.216690
0.803927
-0.763904
-0.071233
-0.798911
-0.236269
-1.589932
-0.610374
-0.901047
0.435200
-0.392082
0.233200
-0.257823
0.411976
-0.595435
0.464040
0.786318
0.954696
-0.847039
-0.113595
-0.071494
0.134289
0.383711
-0.189612
-1.049767
-0.320062
-0.447566
-0.148681
0.406368
-0.527547
-0.083200
0.210587
0.418819
0.235405
0.082479
-0.558059
0.000000
-0.606768
0.536135
-0.234250
-0.301923
0.658424
-0.092170
0.212720
0.000000
-0.547076
-0.342759
0.017907
0.312471
0.566881
0.433616
-0.700775
0.126109
0.878661
0.346306
0.395923
0.262667
0.165836
0.758594
0.684673
-0.577447
0.056934
0.719701
-0.485948
0.000000
-0.168155
-1.178107
-0.075700
0.793109
-0.772122
0.017269
-1.048003
-0.971563
0.201508
-0.584469
0.583958
-0.131550
0.388158
-1.109595
-0.697901
0.000000
0.287256
0.000000
-0.027080
0.051595
0.000000
-1.037859
0.270204
0.449979
0.000000
-0.424634
-1.342505
0.427153
0.188290
-1.203746
0.183997
0.000000
-0.904741
-0.181104
-0.674832
-0.641198
-0.663114
-0.497406
-0.666456
-0.234250
0.296490
0.000000
0.096104
-0.083474
0.948275
0.015891
-0.234250
-0.243701
-0.291396
0.000000
-0.622487
-0.866747
0.308941
-0.046232
0.532178
-0.842203
-0.022108
-0.495807
0.003348
-0.224484
0.422044
-0.204968
-1.490070
0.977174
0.991887
0.893601
0.257121
-0.234250
-0.903124
-0.399640
0.000000
0.000000
0.000000
0.787924
0.064754
0.041505
0.420730
0.716098
0.000000
-0.641447
-0.120086
0.000000
-0.231042
-1.200968
0.000000
-0.744683
-0.393446
-1.346200
0.000000
-0.852071
-0.261447
-0.330973
-0.857875
-0.539456
0.000000
-0.123116
0.118940
0.471647
-1.615175
-1.148497
0.340869
-0.555572
-0.350271
-0.033540
-0.437834
-0.950748
-0.976525
0.243125
0.000000
0.531137
0.147172
-0.662475
0.015259
-0.035979
-0.610831
0.948934
0.000000
0.356457
0.000000
-0.399169
-0.690783
-0.279905
0.000000
0.345634
0.821019
-0.574715
-0.620191
-0.813044
0.222574
-0.359313
-0.095616
-0.322461
-1.428900
0.000000
0.000000
0.000000
0.600797
-0.952219
-0.943648
-0.008685
1.058093
0.590704
-1.383416
-0.367146
-0.107589
1.010690
0.139802
0.000000
-0.216503
-0.540023
0.296718
-0.179241
0.375903
0.298836
0.780480
0.011048
-0.743531
-1.307909
0.000000
-0.107357
-0.799053
0.175516
-0.100267
0.000000
-0.165465
0.000000
0.390861
0.000000
0.000000
0.015259
-0.348629
-0.310805
0.000000
0.531632
-0.773838
0.005109
-0.045513
-0.867528
-0.272302
-0.669598
0.027666
-0.350056
0.899835
-0.479649
0.110169
-0.162080
-0.050891
0.184888
-0.508636
0.000000
0.000000
-0.098553
0.000000
-0.743845
-0.132224
0.679827
-0.377487
0.026820
0.293221
-0.477961
0.149971
-0.294770
-0.435776
-0.243742
-0.927351
-2.022532
0.286096
0.000000
-0.871331
-0.026006
-1.057413
0.000000
0.000000
-0.863993
0.000000
-0.300240
-0.701482
0.000000
0.357629
0.531228
0.000000
-0.419438
0.088643
-0.560060
-1.068549
-0.508787
0.497988
0.026117
-1.122925
-0.921261
-0.305806
-0.834980
-0.016910
0.392104
-1.235741
-0.997011
0.085767
-0.957735
-0.569306
0.230777
0.000000
0.424601
-1.557243
0.050852
-0.989650
0.404458
0.151247
-0.236647
0.270478
0.528301
0.000000
0.000000
0.000000
1.054621
-0.234250
0.242726
0.066588
0.226604
0.094551
0.187066
-0.303784
0.390905
-1.339169
-0.156519
-0.338638
-1.188599
0.000000
-0.142330
0.000000
-0.645978
-0.076831
-0.564624
-0.007861
0.191205
-0.643553
-1.236010
-0.919244
-0.699269
0.000000
0.000000
-0.891874
-0.609680
-0.343662
-1.327121
-0.562708
0.000000
-1.148846
0.414833
0.256402
0.000000
-0.525434
0.102464
0.260011
0.852657
0.829148
0.413950
0.203299
0.438546
0.838479
1.034110
0.849055
0.710432
0.551614
0.944726
0.688590
0.857340
0.744139
0.963099
0.957824
0.694123
0.534066
0.795553
0.168334
0.305323
0.766288
0.511215
0.457388
1.066918
0.960692
0.619169
-0.194078
0.840021
0.562581
0.774383
0.413322
0.901799
0.507392
0.481740
0.630217
0.201511
0.223535
0.664872
0.361459
0.118279
-0.433765
0.493097
0.249628
0.790404
0.546259
0.391005
0.721721
0.463903
0.693139
0.354606
0.572308
0.799531
0.831310
0.114315
0.851155
0.827157
0.739401
0.089588
-0.224987
-0.017949
0.368877
0.004791
-0.024879
0.239730
0.079286
0.139415
0.683756
0.219678
-0.230438
0.178183
0.766707
0.053778
0.595041
-0.321847
0.524631
0.353265
-0.592031
0.146799
-0.684553
0.630069
0.000000
-0.553050
-0.714569
0.283418
0.000000
-0.549567
0.303148
0.076281
-0.563715
0.021694
0.000000
-0.874503
0.083380
-0.730237
-0.158105
0.657831
0.000000
-0.614602
-0.041179
-0.428635
-0.185916
-0.325370
0.000000
0.782477
-0.509957
-0.747076
-1.097652
-0.393155
-0.465009
-0.032730
-0.296393
-0.249308
-0.744479
0.260961
0.101636
-0.109334
-0.187764
-0.238164
0.092197
-0.224117
0.218683
-0.229592
-0.717161
0.279193
0.489235
-0.165265
0.109955
0.078779
-0.250981
0.397851
0.202156
-0.467130
-0.031362
0.157842
-0.030798
0.222559
0.456881
0.628613
-0.810001
0.071669
0.434884
-0.197504
0.606922
-0.015188
-0.615090
-0.138925
0.000000
0.623927
-0.029559
0.000000
-0.165124
0.409900
0.048700
0.000000
-0.415494
-0.046360
-0.736055
0.083909
0.144751
-0.295390
-0.070493
0.496459
0.130012
-0.449114
-0.284193
-0.606670
0.000000
0.744720
0.419002
0.516984
0.597737
-0.285922
0.017541
0.000000
0.384795
0.000000
0.000000
0.510575
0.535444
0.423638
0.517582
0.555831
0.157089
0.267512
0.118672
0.647778
0.322665
0.664775
0.004782
-0.164638
0.705573
0.623544
-0.657966
0.069600
-0.055391
0.274681
0.489234
0.598916
0.460009
-0.640988
0.571504
-0.649845
0.176466
-0.679544
0.506452
0.805429
-1.742535
0.000000
-1.032235
0.000000
0.000000
0.000000
0.796433
0.079368
-0.464344
-0.507758
-0.525434
0.162689
0.814644
-0.234250
-0.132485
0.189358
-0.334812
0.000000
0.358749
0.301060
0.307972
-1.140139
0.181533
-0.508797
-0.023161
-0.187452
0.846598
0.773241
-0.704540
-0.099003
-0.277433
0.872799
0.000000
0.305945
0.222995
0.000000
0.000000
-0.511566
0.000000
0.303733
-0.078851
0.000000
0.895423
1.057905
0.435925
0.503505
0.217294
0.076201
-0.261307
0.279682
0.000000
0.000000
0.000000
0.000000
0.000000
-0.175333
0.521847
0.476715
-0.379946
0.342075
-0.618863
0.000000
-0.569957
-1.486854
0.453797
-1.499874
0.312230
0.856555
-0.090787
0.280257
0.546759
0.510990
0.537130
1.078241
0.348416
0.466174
-0.366817
0.000000
0.159239
0.423286
0.532374
0.184079
0.294900
0.487012
0.841676
0.044919
-0.349708
0.608843
0.941472
0.058992
0.000000
0.794771
0.808557
0.971850
0.648172
0.635696
0.659963
0.206447
0.864048
0.956722
-0.056003
0.604589
0.996759
0.815396
0.628535
0.519210
0.695853
1.017138
0.815885
0.650308
0.306152
0.195653
0.844282
0.799060
0.776409
0.438344
0.889382
0.624754
0.928771
0.863544
0.792293
0.600657
0.455686
0.773273
0.000000
0.685796
0.621531
0.362631
0.864936
0.860902
0.688675
0.816185
0.860820
0.595257
0.000000
0.654210
0.021881
0.736475
0.520668
0.645847
0.578084
0.565507
0.789986
0.813356
0.551277
0.950079
0.677124
0.914452
0.688523
0.849137
-0.031185
0.785953
0.455288
0.625246
0.615379
0.918178
0.320221
0.937012
0.684190
0.604763
0.472073
0.629204
0.919885
0.045891
0.751365
0.489545
0.337741
0.812735
0.595333
0.464982
0.356920
0.797963
0.458281
0.775297
0.399064
0.733849
0.656753
0.417477
0.769457
0.890577
0.371530
0.121548
0.636203
0.738378
0.560119
0.107380
0.632092
0.551797
0.697695
0.659733
0.139965
0.548040
0.231471
0.189073
0.821261
0.750702
0.519278
0.459419
0.685648
0.723888
0.454027
0.201817
0.585440
0.000000
0.000000
0.136765
-2.135595
0.010632
-1.134602
0.000000
-0.500594
0.079190
-0.249724
0.000000
0.000000
-0.444687
0.279196
-1.500883
-2.080231
-1.773292
-1.699641
-1.398463
-0.566896
-1.311852
-0.712738
-0.506236
-0.162744
-0.486266
0.430948
-0.310115
-1.630100
-1.268903
0.062200
0.000000
-0.131852
0.464244
-0.627083
-0.539119
0.214719
0.462388
0.127221
-0.333449
0.003172
0.616203
-0.123357
0.176070
-0.057121
-0.655790
-0.434942
0.372864
-0.449713
0.206574
0.358013
0.745831
-1.032482
-0.298230
0.863037
0.552569
-0.562439
-0.007046
0.377520
-0.148555
-0.470467
0.000000
0.602523
0.038540
-0.357785
-0.095087
-0.740236
0.393408
-0.138773
0.161843
-0.502991
-0.029530
-0.525407
0.085526
-1.467252
-0.675484
-2.017359
0.182198
-0.249152
-0.525434
0.571170
-0.876265
-1.668731
-0.305497
-0.568327
0.333525
0.279969
0.566890
-0.122275
0.244951
0.189752
-0.234791
-0.295316
0.000000
0.033560
0.000000
0.000000
-0.258997
-0.361873
0.154870
0.083932
0.329476
-0.429870
-0.664558
0.496454
0.539259
-0.054856
0.182132
0.193355
-0.219880
-0.654650
0.000000
0.503351
0.768075
-0.368860
-0.455972
0.982288
0.000000
-0.120142
-0.850864
-0.973844
-0.095106
-0.179770
-0.837935
-0.889272
-0.747781
-0.505733
0.357715
0.000000
-0.651178
-0.156013
-0.714192
-1.015484
-0.712284
-0.008068
-0.296871
0.000000
0.102245
-1.325816
0.623057
-0.060330
0.000000
0.732129
0.469595
0.000000
0.000000
-1.068156
-0.254309
-0.819488
-1.175485
-0.372090
-0.541246
-0.116883
-0.775642
-0.911020
0.000000
-0.524552
0.068350
0.068358
0.331594
0.000000
-0.850889
0.000000
-0.184019
0.274500
-0.142645
-0.478575
-1.133479
-0.320534
0.031174
0.095699
0.000000
-0.297178
-0.137143
0.000000
0.021342
-0.675130
0.325943
-0.001257
-0.149363
-0.404764
-0.575421
-0.750776
-1.529314
0.000000
0.000000
-0.271647
-1.083135
-2.028509
-0.282788
-1.277549
-0.295329
-1.231974
0.349590
-0.611596
-0.281091
-1.086470
0.191579
0.000000
0.000000
0.005968
-0.112719
0.307752
-0.346436
0.145042
0.000000
-0.417639
-0.163938
-0.894257
0.323905
0.226024
-0.069510
-0.115580
-0.903222
0.000000
-1.030221
-0.752757
0.000000
-1.182534
-0.957658
0.146641
-0.460702
-0.215590
0.000000
0.163867
-0.426327
0.436283
0.101877
0.087459
0.000000
0.691846
-1.466913
-0.617460
0.000000
-0.374345
0.121246
0.245011
-0.460199
0.646610
0.392311
-0.218142
0.000000
-0.696007
-0.705167
-0.933038
-0.243611
-0.390281
0.063071
-0.400553
-1.594917
0.000000
-0.665647
0.000000
0.000000
-0.202526
-1.229953
0.260899
0.341835
-0.455936
-0.235391
0.220161
0.000000
-0.047650
-0.172544
0.607965
0.390404
-0.120280
-0.271221
-0.232961
0.000000
0.000000
0.000000
-0.162095
0.226548
-0.596350
-0.312931
-0.705351
0.275758
-0.021323
-0.424178
-0.078889
-0.427119
-0.071830
-0.930192
-0.880231
-0.991960
-0.601782
0.437754
-1.663433
0.148499
-0.091958
-0.691261
-1.620037
-0.558984
-0.669768
-1.376063
-0.572234
-0.671138
-0.882914
-1.154122
0.000000
0.089529
-0.673306
0.553012
-0.041237
-0.142445
-0.383616
-0.174780
0.147072
-0.410686
0.741255
0.000000
-0.063360
-0.149257
-0.138625
-0.045364
-1.322140
-0.701079
0.445206
-0.888450
-0.329641
0.000000
-0.434656
0.000000
0.171875
-1.169665
0.257409
0.000000
0.413567
-0.264256
0.000000
0.000000
0.295863
-0.971463
0.402217
-0.375664
0.423761
-0.863155
-0.068776
-0.629216
-0.593473
0.047871
0.474558
-0.180228
-0.399131
-0.053792
0.222623
-0.228018
-1.056918
-0.139335
0.274497
-0.249448
-0.404584
0.119573
-0.218436
-0.880274
0.356470
0.807266
-0.775878
-1.134905
-0.677100
-0.700668
-0.057748
0.120321
-0.208331
0.130564
0.335001
0.523355
-0.218209
-0.347240
-0.645027
0.370534
-1.246414
0.326323
-1.286604
0.402418
0.347969
0.270117
0.100825
-0.298801
-0.389903
-0.016001
-0.303642
-0.518783
0.000000
-0.680780
0.286110
0.281721
0.235479
0.184360
0.000000
0.000000
0.083311
0.000000
0.074302
-0.919746
-0.570162
0.703984
0.000000
0.000000
-1.513758
0.000000
-0.262131
0.000000
-0.194656
0.000000
-0.400126
0.000000
-0.500096
0.000000
-0.506617
-0.581594
0.628946
-1.283015
0.086687
-0.050366
0.000000
-0.062314
0.308200
-0.644447
-0.297671
-0.022277
0.217745
0.389340
-1.660998
0.284480
-0.341405
0.467917
-0.241708
0.000000
0.000000
0.000000
-1.914591
0.000000
0.186463
0.000000
0.771305
-0.685768
0.000000
-0.750715
0.052665
0.347308
-0.025755
-1.262227
0.000000
-0.819238
-0.201205
-0.103840
0.197404
-0.931105
0.000000
0.150015
0.550990
-1.586688
0.000000
-0.704111
0.000000
0.056934
0.000000
0.000000
-0.361001
0.000000
-0.315214
0.141342
-0.877864
-1.032143
-0.506263
0.000000
0.000000
0.000000
0.031871
0.000000
-0.849992
0.567553
0.000000
-0.592402
-0.440688
0.463366
-0.032022
0.000000
0.266937
0.601812
0.000000
0.000000
-0.412407
-0.325235
-1.238640
0.042794
0.210780
-0.604809
0.611980
-0.910262
-0.007363
0.000000
-0.460506
0.000000
0.000000
-0.457869
-0.019041
-0.619346
-0.259094
0.000000
0.606648
0.136852
0.068877
0.154694
0.000000
0.112919
-0.501276
-0.392977
-0.188257
0.000000
0.000000
0.000000
-0.217575
-1.457518
0.000000
-0.070874
-0.793763
-1.880329
0.643419
0.000000
-0.365895
0.380895
-0.934235
0.101589
-0.513910
0.546464
-0.229284
-0.008377
-0.791524
0.000000
-1.158127
-0.021977
-0.402917
0.101510
0.001616
0.462199
0.357658
-0.127727
0.000000
-0.427516
-0.697296
-0.564536
0.544880
-0.234250
-1.463406
-0.372301
-1.143338
-0.327068
-0.147666
-0.228852
0.075799
0.371680
-0.283847
-1.419682
-1.183427
-0.838819
0.164760
-0.397643
-1.199099
-0.327992
-1.147982
0.019716
0.374263
-0.270857
0.306144
-0.088515
0.002627
-0.318228
-0.474526
-1.561261
0.701886
-0.010309
-0.715071
-1.132352
-0.004723
-0.110929
0.267680
-0.774389
-0.964159
-0.478073
0.618223
-0.650375
-0.959645
-0.086616
0.265714
-0.602769
-0.240923
-0.261602
0.170670
0.140759
-0.280828
0.755914
0.440682
-0.201676
-0.330082
0.137284
-0.316772
-0.069340
0.248738
0.056934
0.012075
0.355042
-0.622807
0.317190
0.425563
0.376997
0.124848
0.096803
-0.329248
-0.357837
-0.362581
-0.697165
0.370186
0.010024
0.434437
-0.793837
0.485752
-0.206534
0.743827
-0.054479
0.396020
0.186290
0.536065
-0.052094
0.155420
0.584233
0.716377
0.440549
0.332953
0.549778
0.709025
0.515433
0.466088
0.597854
-0.040782
0.657211
0.863697
0.540019
0.590079
0.438468
0.828992
0.718875
0.188988
0.673418
0.643332
0.453014
0.336582
0.561859
0.374358
0.179966
0.158110
0.545624
0.569924
0.430725
0.625049
0.366417
0.213096
0.265567
0.125179
0.399346
-1.199406
-0.845253
-1.199892
-1.464665
-1.297943
-0.440474
-1.102000
-1.502187
-1.271160
-1.432565
-1.289775
-1.360831
-1.625612
0.242854
-0.709450
-1.413118
-1.093431
-1.361583
-1.095243
-1.386991
-1.872875
-1.478797
-0.738105
-1.413538
-1.639123
0.232763
-1.077429
-1.667272
0.487876
-1.601167
-0.695570
0.385339
0.060556
-0.252487
-0.195997
-0.928230
0.009444
0.034225
-0.742245
-0.589699
0.088644
0.654091
-0.133960
-0.226085
-0.068236
-0.251413
-0.024309
-0.777858
-0.554986
0.244266
1.119001
0.507384
-0.107422
0.182576
-0.110775
-0.072460
-0.074906
-0.819318
-0.983705
0.841789
0.318739
0.000000
-0.599681
-0.424171
-0.272465
-0.689858
-0.460598
-1.278070
-0.009841
-0.656994
-0.399947
-0.526048
-0.734965
-0.817361
-0.202791
-0.872481
0.013910
-0.048279
-0.387334
0.042862
-0.169616
-0.955231
-0.960107
-0.594261
-1.265262
-0.578120
-0.670132
0.041911
-0.103023
0.108657
-0.220379
-0.432437
-0.223658
-0.237797
-0.722083
0.619059
0.161887
0.803614
0.599982
0.466569
0.385080
0.467662
0.492431
-0.557935
0.280694
0.176830
0.328080
0.345036
0.039662
0.335203
0.181726
0.320929
0.259134
-0.594083
0.128904
-0.380313
0.146456
0.234387
0.139654
-0.858389
-0.273938
-0.045810
-0.669280
-1.128538
-0.629916
-0.373351
-0.473441
0.206437
0.025223
-0.382474
0.113496
-0.047707
-0.237956
-0.035479
-0.489119
-0.181909
-0.128510
-0.205019
-0.766801
0.247672
0.287376
-0.147446
-0.251355
0.073493
-1.294339
0.238041
0.183640
-0.102203
0.304923
0.208468
-1.179173
-0.534344
-0.781951
-1.012413
-0.617949
-0.316392
0.217925
-0.702300
0.081217
0.033981
0.482676
0.418363
0.416353
0.656503
-0.212213
-0.039865
-0.295920
-0.257488
0.317812
0.416542
0.369801
0.155249
-0.031369
-0.636442
-0.199927
0.247535
-0.102706
-0.327334
-0.906530
-0.570198
-1.178086
0.279078
-0.325367
-1.334788
-1.479802
-0.666548
-0.085028
0.091535
0.049007
-0.730671
0.057016
0.331993
0.099325
-1.144508
-0.824998
-1.438297
-0.034106
0.055408
-0.016326
-0.471924
-0.800714
-0.739458
0.300725
-0.207419
0.048793
0.093719
0.174658
0.534642
-0.153217
0.308338
-0.095371
-0.013994
0.209705
0.271969
0.513936
0.188814
0.336836
0.915447
0.251452
-0.688446
0.341275
-0.748802
-0.143670
0.324738
0.003652
0.522688
-0.417235
-1.077046
1.062220
0.484726
0.000000
-0.785134
0.129159
0.535796
0.865017
0.449086
0.037129
0.720377
-0.269547
0.837395
-0.016169
0.371852
0.239404
0.456860
-0.434940
0.000000
0.101790
0.000000
-0.434940
0.000000
-0.021408
0.000000
0.093258
0.000000
0.031457
0.000000
0.000000
0.000000
0.417362
0.000000
0.000000
0.000000
0.161433
-0.007322
-1.073617
-1.243106
-0.234250
0.151389
0.249108
0.476977
0.319947
0.021262
-0.664419
-1.015140
0.268868
-1.429934
-0.017496
-0.555857
-0.327549
0.555906
-0.227027
-0.306068
-0.088957
-0.414731
-0.861501
-0.152663
-0.832210
-1.128508
-0.514616
-0.353476
-0.735119
-0.588770
-0.139137
-0.303243
-0.314424
-0.732491
-1.428249
-0.562104
-0.453308
0.480539
-0.707794
0.000000
-0.053380
0.050271
0.084084
0.000000
0.007209
0.184984
-0.234250
0.061752
-0.767877
0.025280
-0.035537
0.106489
-0.480560
0.313115
0.464067
-1.016935
0.004917
0.302397
0.530059
-0.182017
0.117746
-0.923460
-0.236719
-0.019447
0.403571
-1.069208
-0.363731
-1.680177
0.203880
0.728233
0.162474
0.313955
0.502400
-0.212093
0.102209
-1.016001
-0.608751
-0.371602
0.418054
0.341562
-0.029854
0.393614
0.617009
-0.427908
-1.149192
-0.547477
-0.572221
0.501111
0.000000
-0.347282
0.221021
-0.584429
0.547204
0.872167
-0.273949
-0.153838
-0.639296
-0.673691
0.790997
0.739483
-0.198408
-0.003107
0.388958
-0.350015
-0.493905
0.563939
-0.102974
-1.292803
-0.413364
-0.233885
-0.068109
0.259745
-0.486244
-0.004693
-0.039172
-0.159078
0.326128
0.120978
0.176637
-0.666319
0.964289
0.421224
0.179454
-0.749307
0.351042
-0.488185
0.854619
0.251040
0.423461
0.941011
-0.134742
-0.437063
-0.145066
-0.700539
-0.743344
0.187228
-0.665563
-1.838042
-0.519030
0.049146
0.136876
-0.498307
-0.956032
-0.541899
-0.590498
-0.219005
-0.534608
-0.476746
-1.102982
-1.494945
-1.563279
-1.731738
-1.822397
-0.158492
-0.927716
-1.613308
-0.671445
-0.024768
-0.899102
0.297345
0.323277
-1.282399
-0.165233
0.065803
0.412465
0.639552
-0.060297
0.492220
-0.728617
-0.528944
0.302741
-0.647668
0.066132
-1.166765
-0.305703
0.196856
0.050113
-0.918612
-0.301075
-0.586654
-0.860623
-1.386579
-0.212416
-0.065377
-0.826731
-0.268824
-0.509448
-0.330815
-0.142570
-0.033093
-0.831740
-1.359540
0.151772
-0.114470
0.248031
-0.499108
-0.058005
-0.715585
-0.648422
-0.320027
-0.312524
-0.369249
-0.125699
0.159760
-0.328992
0.135750
0.311052
0.235153
0.212598
0.006159
-0.244633
0.366867
0.202114
0.369574
-0.700357
-0.849543
-0.393457
-1.070903
-1.729526
-1.387559
-0.814781
-1.588899
-0.262850
-0.102845
-0.029237
-1.161328
-0.072227
-0.900887
-0.215737
-1.170202
-1.468623
-1.639351
-0.016847
-0.690522
-1.348618
0.164999
0.473145
-0.663829
-0.175790
-0.034961
-0.853225
-0.547756
-1.065163
0.009547
-0.146004
-0.119556
-1.321638
-0.396182
-1.034620
0.447762
0.241299
0.001546
-0.330100
-0.234250
-0.421210
-1.547515
-0.707245
0.487155
0.000000
-0.007220
-0.775366
-0.558887
0.687216
0.560955
0.264038
-0.149652
-0.663855
-1.211225
0.036837
-0.887471
0.665499
0.319246
1.281696
-0.565816
-0.542357
-0.100017
-0.373741
0.000000
-0.525271
-0.217434
0.469858
0.637161
-0.539865
-1.383470
-1.662486
-1.686263
-0.442910
-0.018938
-0.178001
-0.379162
-0.884063
-1.112745
-0.929769
-0.498551
-1.164806
-1.096523
-0.042062
-0.025064
0.215536
-0.540228
-0.689598
-0.635089
-0.429808
-0.811192
-0.586729
-1.708165
-1.558502
-0.015606
-0.077622
-0.391712
-0.281680
0.446936
0.170506
-0.576179
-0.882347
-0.497322
0.000000
-1.350890
-1.226204
0.093392
-0.143711
-1.260287
-0.127175
-0.226936
-1.816675
-0.211566
0.054554
-0.761720
-0.917329
-0.284583
-0.442466
-0.080169
-0.181745
0.000000
0.536835
-0.940939
-0.245315
-1.313486
0.244040
0.140509
0.817189
-0.081003
-0.156180
-0.864180
0.668034
-0.322394
-0.092632
0.213140
0.526979
0.383351
-0.339827
-0.314819
0.188196
0.056934
0.347907
-0.567227
-0.431375
0.000000
-0.587453
-0.292152
-0.141067
0.000000
0.295396
0.426947
0.000000
0.242943
-0.822594
-0.451029
0.487430
-0.168449
0.000000
0.273962
0.000000
0.000000
-0.325290
-0.771450
0.600396
-0.573252
0.770880
0.586793
0.479126
0.642481
-0.408276
-1.472199
-0.505136
-0.758623
-0.180652
0.379945
-0.155435
0.229063
0.161996
-0.139629
-0.070726
0.685118
-0.293537
0.169365
0.002709
-0.102901
-0.765596
0.164503
-0.737875
0.137326
0.063597
-0.168137
-0.361611
-0.836042
-0.654608
-0.528046
-0.271443
0.043639
-0.305811
-1.158793
-1.568322
0.389304
-0.017150
-0.373996
-0.292670
0.538858
-0.075054
-0.510914
-0.239521
-0.399769
-0.450457
0.319196
-1.610139
-0.455115
-0.186018
-0.751310
-0.284803
0.474145
-0.076027
0.398552
-0.337758
0.452672
-0.049292
-0.201127
-0.699341
-0.953747
0.211340
0.518951
0.188359
-0.316197
0.471244
-0.548806
-0.087236
-0.374112
0.626335
-0.354313
-0.948510
0.000000
0.224694
0.603842
-0.097568
0.000000
-0.297775
0.521364
0.158709
-0.347454
-0.090477
0.258798
-0.414113
0.781852
0.398326
-0.360623
-0.725543
0.264706
0.354149
0.000000
-0.488934
0.285804
-1.352431
-0.425356
0.000000
-0.214673
-0.474116
0.242799
0.034392
0.444612
-0.289048
-0.466217
0.110925
-0.242894
-0.975166
-0.261754
-1.265301
0.411880
-0.589990
-0.293911
-1.095251
-1.346175
0.291648
-0.600605
-0.473432
-0.390877
0.427487
0.875566
0.196503
0.622210
0.473599
0.181790
0.964538
0.584373
-0.878248
-0.103868
-0.583560
-0.011052
-0.697232
0.028871
0.426896
-0.951877
-0.441766
-0.234250
-0.083371
0.222784
0.470333
-0.153399
-0.150569
-1.338086
-0.244747
0.281930
-0.736671
-0.410318
0.014320
-1.337279
-0.896546
-0.313480
0.331561
-0.471562
-0.103786
0.255738
0.553920
0.907443
0.153897
0.130333
-0.252816
-0.026404
-0.293302
0.046845
-0.244152
-0.191564
-0.550044
-0.431266
-0.447180
0.062263
-0.287161
0.479356
-0.969522
-0.885735
0.163331
-0.118383
-0.314086
0.024608
-0.922546
-0.164369
-0.626019
-1.145461
-0.554695
0.680290
-0.467871
-0.719897
0.502947
-0.505252
-0.756330
-0.535808
0.381192
-0.544106
0.373820
-1.479246
-1.904893
-0.555023
0.056366
-0.376681
-0.162097
0.769934
-0.605140
-0.787581
-1.696651
-0.992420
-1.041396
0.403458
0.084934
-0.334680
0.450854
-0.860799
-0.854966
-1.591971
-1.796017
-1.991667
0.594400
0.273501
-0.533222
-0.455653
-0.593218
0.407892
-0.381290
-0.356533
-1.009829
-1.365311
-0.496449
0.662652
-0.360744
0.000000
0.035281
-0.070342
-0.827368
-0.131500
-0.230302
0.000000
0.646248
-0.572923
0.141506
0.041738
0.568301
-0.183075
-0.816006
-0.142294
0.584536
0.618392
-0.427899
-0.870124
-1.006723
0.366672
-0.594960
-1.351608
-1.061466
-0.733428
0.239658
0.845936
0.806701
-0.199530
-0.290738
-0.708145
0.435067
-0.715936
-0.338714
0.200168
-0.064636
-1.179289
0.147304
0.149731
0.488779
0.322091
-0.497287
0.049231
-0.278741
-0.852900
-0.456637
-1.162273
-0.040472
0.012658
-0.320476
-0.631805
0.116715
-0.964044
-0.057850
-1.108506
-0.457604
-0.786381
-0.050015
0.375915
0.091917
-0.901802
-0.592524
-0.493183
-0.158319
-0.143870
-0.008989
-0.594849
-0.006312
-0.758556
-0.302578
-1.018128
-1.459345
0.127109
1.226604
-1.139863
-1.066241
0.566441
0.118743
0.000000
-0.369847
0.212172
0.009692
-1.212864
0.160766
0.164541
0.577478
0.645676
0.444612
0.759327
0.453020
0.278801
0.082156
0.591271
0.799614
-0.046785
0.655551
-0.123556
0.104103
0.770871
0.932478
0.538696
0.009607
-0.693292
0.790614
0.702425
0.862268
0.265897
0.181055
0.697629
0.110785
-0.354385
0.340708
0.525547
-0.708881
0.316918
0.491840
0.415080
0.408517
-1.188351
0.529481
0.319502
-1.095881
0.000000
-0.745322
-0.317378
0.000000
0.000000
0.605236
-0.093542
-0.634772
-0.053144
0.378331
0.250414
-1.500008
0.618933
0.276889
0.226825
0.478523
0.552501
0.350147
0.544339
0.634229
-1.762744
-0.422091
-0.381315
-0.346289
-0.607001
-1.090114
0.000000
0.340450
-1.208989
0.495134
-0.065259
-0.044600
-1.065498
0.192184
0.233493
0.022182
-0.286356
0.088662
-1.144446
0.217182
0.295068
-1.157367
-0.086105
0.663663
0.068661
0.690808
0.675682
-1.578480
0.676148
-0.314616
-0.992352
-0.112998
0.609374
0.568191
0.440835
0.000000
0.414115
0.235497
0.256299
-0.508233
-0.490930
-0.132918
-0.311297
-0.968492
0.038325
0.512971
0.001086
-0.529892
0.992938
0.000000
-1.018589
-0.077688
-1.012420
-1.884465
0.333883
-0.234188
0.992460
-1.417445
0.082200
-0.180838
0.209628
0.698464
-0.253321
0.574020
0.811584
0.371210
-0.160451
-1.739064
-1.828942
-1.686795
0.412161
-0.228421
0.100204
0.080648
-1.092551
-0.058404
-0.051499
-0.458361
0.261990
-0.441871
-1.589952
-0.040649
0.153896
0.043019
-1.162349
0.000000
0.386803
0.390890
0.533740
-0.662665
-1.040756
0.210322
0.224118
0.470230
0.436206
0.399876
-0.051732
0.330499
0.312663
-0.178749
0.391629
0.682379
0.280297
0.838104
0.206772
0.470045
0.000000
0.027770
-0.135336
0.671428
0.038437
-0.359967
0.113655
0.027264
0.638465
0.974544
0.730468
0.855362
0.878215
0.295114
0.359121
0.697726
0.584430
0.587997
0.399435
-0.167477
0.318748
0.183552
0.206506
-0.392010
0.386532
0.340011
-0.051237
-0.023666
0.180856
-0.188232
0.164414
0.294352
-0.071069
-0.862214
0.729599
-0.376674
-0.776717
-0.097425
0.117006
-0.749902
-0.479710
0.383197
-0.056143
-0.623728
-0.131033
0.101531
0.281933
-0.138430
0.174239
0.301396
-1.025499
-0.072463
0.117253
0.278652
0.950119
0.471538
-0.273707
0.235450
-0.313792
-0.122972
0.407132
-0.388480
-0.093020
0.269608
-0.174051
-0.138685
-0.664883
0.672961
0.493114
-1.016063
0.206147
-0.465641
0.566626
0.051047
-0.245595
-0.082014
-0.644206
-0.395752
0.172995
0.336394
0.441301
0.015601
-1.052951
0.250072
-0.026389
-0.840025
-1.315253
0.210133
0.331014
0.111303
0.000000
0.420857
0.405745
-0.312767
0.018189
0.273970
0.020958
-0.867408
0.374459
-0.024601
-1.233084
0.226056
0.608753
0.169648
-0.374655
-0.105094
-0.008378
0.230211
0.407922
0.149977
-1.304124
0.000000
0.805960
0.000000
-0.153752
0.000000
0.777343
-0.172828
0.668295
-0.141108
0.412903
0.520308
-0.434940
0.236093
0.212464
-1.012465
-0.232741
0.145146
-0.703495
-0.657102
0.365893
0.166791
-0.346436
0.114009
-0.220960
-0.073385
-0.262900
-0.021943
-0.279352
-0.232211
-0.234250
0.257262
0.684234
0.079524
0.684759
-0.714575
0.000000
0.000000
-0.075700
0.000000
0.389414
0.000000
0.271547
0.680043
0.000000
-0.389348
-0.152034
-0.508495
-1.349723
-1.117491
-0.035761
0.226618
0.080594
-0.943436
0.193936
0.929303
0.467726
-0.313736
-0.914435
-0.348265
-0.021587
-0.076379
0.305735
0.126357
-0.571994
0.200690
0.264785
-0.615164
-0.726582
-0.097131
0.282689
0.022227
-0.318398
-0.255337
-0.380190
0.729681
0.377789
0.253418
-1.684430
-0.317278
-0.170470
0.413404
-0.174237
-0.760953
-0.375853
0.161359
-0.865252
0.053854
0.000000
0.000000
0.000000
0.653090
0.006149
0.063972
0.314228
-0.747026
-1.230178
-0.781998
-0.718559
0.391056
0.029052
0.000000
0.095868
0.016257
-0.376658
0.415860
0.390657
-0.133242
-0.015809
-1.190938
-0.219422
-0.107721
-0.077842
0.046169
0.221521
0.072583
0.872791
0.949427
-0.250916
0.364976
0.435287
0.280807
-0.525434
-1.297796
-0.520313
0.000000
-0.679720
0.524882
-0.058176
-0.461654
0.159780
0.000000
-0.666210
0.308941
-0.833068
-1.197098
-0.637929
0.020747
0.387020
0.546122
0.334783
-1.128042
0.000000
0.047571
0.656764
-0.736319
-0.321966
-0.256941
0.875532
0.456829
-0.489549
0.598935
0.424919
-1.049769
-0.804017
-0.317665
-0.732560
0.558592
0.000000
-0.048465
0.566361
-0.369644
-0.607841
0.274409
-0.927480
-0.612266
0.000000
0.351769
0.219697
0.659134
0.479899
0.366660
0.524286
0.569565
0.489991
0.700197
0.378091
-0.144227
0.260186
0.000000
0.007133
0.299686
0.125409
-0.648022
-0.681280
-0.107927
-0.434940
0.124676
-0.093896
0.536261
-0.288769
-0.237997
0.891309
0.000000
0.366488
-0.871550
0.313914
-0.747560
-0.784321
-0.816143
-1.503243
-1.150912
-1.500892
-1.359351
-0.749678
-0.640201
0.380723
0.300799
0.081903
-0.223699
-1.093604
-1.264598
-0.055457
-0.778173
-0.034737
0.451574
0.349471
-0.398461
0.396512
-0.220446
0.777008
0.000000
0.015790
0.169542
-0.137424
0.605939
0.617076
0.132704
0.218919
-0.084566
0.249613
0.576762
-0.018149
-0.425890
0.425881
-0.039825
-0.170018
-0.043069
-0.473290
0.909415
-0.120379
-0.810201
-1.096531
-1.258023
-1.013455
1.004769
-0.626263
-1.584748
-0.817635
-1.371712
-1.517451
-0.183500
-1.096868
-0.043965
-0.252353
-0.203088
0.108322
0.246631
0.260311
-0.495144
-0.048320
0.510791
-0.314188
-0.947694
-0.848481
0.000000
0.560410
-0.483638
-0.242366
-0.686799
-0.692953
0.174610
0.799674
-1.759322
-1.339783
-0.832636
0.075433
0.605680
0.841956
0.855454
0.897440
0.529152
-1.176321
0.068330
-0.215262
0.552516
0.119461
-0.403433
-0.153499
0.172324
0.097794
0.479029
0.139056
-0.471770
-0.747057
-0.771683
-0.112757
0.209446
-1.343378
-0.473066
-0.723228
-0.536048
0.138671
-0.670803
0.293409
0.073205
-0.229864
-0.405574
0.564653
0.338306
-0.709451
0.076708
0.138602
-0.024453
0.606139
0.437554
-0.081924
0.577632
0.618646
-0.567663
0.257558
-0.735320
0.206631
-0.164635
-0.301510
-0.266035
0.273679
0.560737
-0.486388
-0.121251
-0.882259
0.521778
0.322484
-0.112715
-0.047573
-0.310163
0.301005
0.151288
-0.308613
0.061058
0.150622
-0.170005
0.440599
-0.063950
-0.429968
-0.224714
0.278905
-0.077946
0.200968
0.285912
-0.515025
0.000000
-0.024327
0.454321
-0.430495
0.476009
0.347097
0.429615
0.369781
0.357452
-0.018226
0.489260
0.382082
-0.722311
0.002032
0.025113
0.217008
-0.528266
0.000000
0.336379
0.000000
0.000000
-0.348727
-1.061702
-1.632825
-0.188490
-0.016221
0.101865
-0.215744
-0.011123
0.086072
-0.012504
-1.734742
-1.771358
-2.022842
-0.093058
0.187728
-0.880322
0.631270
-0.980715
-0.279658
-0.538289
0.000000
0.000000
-0.689580
-0.004998
-0.109242
-0.475541
-0.169562
0.000000
-0.571601
-0.047376
-0.712705
-1.891963
-0.138341
-0.279948
-0.959270
-0.919700
0.211208
0.146614
-0.633625
0.027098
-0.303555
-0.015134
0.243377
-0.237437
0.507460
0.355065
-0.028560
0.348946
-0.832570
-0.229556
0.258973
0.328749
-0.202506
-0.266513
-1.067960
-0.218130
-0.055056
-0.155476
-0.410114
-0.960357
0.371585
-0.285721
0.191712
0.517982
-0.749960
0.126422
-0.043463
0.760847
0.000000
0.000000
0.325302
0.011372
0.796420
0.120992
-0.614061
0.420741
-0.263156
0.121759
-0.063967
-0.132977
-0.369616
-0.054688
-0.091751
0.353904
-0.891194
0.179685
-0.332371
-0.283690
0.000000
-0.586815
-0.296160
0.287627
0.471006
0.437203
0.333738
-0.108639
0.183318
-0.016978
-0.688006
-1.214238
-1.277795
-1.463958
-1.675708
-1.840727
-1.159521
-1.575527
0.471480
-1.075743
0.148210
0.582582
-0.516705
-1.252008
-0.873209
0.289799
0.011668
0.618234
0.317436
0.725630
0.434321
0.480130
0.263884
0.812559
-0.125802
0.131247
-0.226049
-0.524062
-0.711422
-1.366272
-1.450130
-0.836035
-1.094937
-0.818555
-1.590569
-1.561355
-0.849351
-0.608820
-0.277328
-0.040850
0.144098
-0.236295
0.169312
0.162388
-0.342772
-0.887798
-0.010530
-0.342330
-0.534005
-1.180739
-1.194073
-0.246937
-0.226477
0.331475
-0.279076
-1.015383
-1.096398
-0.505178
-0.021333
-0.204339
0.260266
-1.001667
-0.592785
0.286858
0.221613
-0.281893
0.126123
0.237931
0.578516
-0.062060
0.821537
-0.033145
-0.422766
0.363827
0.094894
0.507066
0.558750
0.619567
0.035293
0.478961
-0.099115
0.640973
0.613427
-0.847663
-0.280194
-0.106082
0.378660
0.375325
0.101300
-0.110352
0.000000
0.453984
-0.423258
0.257519
-0.992781
-0.137276
0.002774
-0.466022
-0.693111
-0.214396
0.055843
-0.536403
-1.274104
0.074785
-0.822372
-0.359791
-0.935641
-1.433808
-1.344367
-0.122673
0.008829
-0.153521
-0.880629
-0.713118
-1.427691
0.188392
-0.016706
-1.060141
-0.373692
-0.156909
-0.289897
-1.129268
-0.837085
0.624132
-0.202809
-0.452582
-0.142808
0.522427
0.383007
0.714674
-0.077584
-0.410903
0.147104
0.310896
-0.027626
-0.030785
0.028365
-1.155004
-0.094885
-1.859455
-1.122712
0.782397
-1.052369
0.370563
-0.947810
-0.668434
-0.179761
-0.229026
0.613436
-0.093258
-0.273224
0.661847
0.113215
-0.050898
0.623912
0.000000
0.386141
0.186388
-0.638736
0.681146
-1.524873
-0.894289
0.396516
0.329280
-1.311689
-0.657247
-0.919282
-0.097548
-0.337574
0.000000
-0.595821
0.221146
-0.102296
-0.800267
-0.632336
-0.734703
0.426595
-0.680827
-1.001200
-0.851182
-0.894856
-0.754278
-0.110445
-0.888685
0.121755
-0.128144
-0.336629
-0.270320
-0.049493
0.687599
-0.527954
0.832749
0.239382
0.190576
0.340748
0.369564
0.000000
-0.752207
-0.194451
0.403132
-0.368183
-0.338672
-0.000310
-0.225792
-0.758048
-0.156125
-0.238136
-0.498182
0.197004
-0.361478
0.434353
0.375610
0.509470
0.198484
-0.380851
-0.380482
-1.038653
-1.498109
-0.325307
-0.712371
0.121696
0.000000
-0.217637
-0.683402
-1.029346
-0.125035
-0.357949
-0.178280
0.486803
-1.112993
-0.032486
-1.484867
-0.679579
0.055679
-0.199491
-1.216570
-0.154284
0.756558
-0.716938
-1.068052
-0.616212
-0.827384
-0.303499
0.074304
-0.522561
0.301288
0.093285
0.000000
-1.318201
-0.706981
0.470528
0.644727
-1.331399
-0.336929
-0.203930
0.022149
0.449016
-0.415951
-0.725822
-1.314346
0.467727
-0.921800
-0.942321
-0.910919
-0.596879
0.401344
-0.175044
0.082561
-0.019788
0.568187
-0.264748
-1.388379
0.236353
-1.236024
-0.387892
-0.449372
0.247905
-0.503299
-1.540201
-1.551318
-2.018783
-1.208227
-1.631225
-0.349776
-1.207892
-1.900110
-1.142973
0.086989
0.185359
0.755555
0.111781
0.669801
0.346294
