0.058945
-0.197779
0.004371
0.002653
-0.699030
0.105349
0.376570
0.116858
-0.275235
0.366047
-0.448899
-0.321542
-0.351873
-0.698385
-0.348770
-0.081388
0.273786
0.052076
-0.062701
0.185416
-0.568695
-0.521839
-0.515380
0.010648
0.231833
-0.483522
-0.089612
-0.355050
-0.363126
-0.716038
-0.095688
-0.342995
-0.444728
0.203429
-0.473434
0.391418
-0.087998
-0.036235
-0.086748
-0.150444
-0.307225
0.080396
0.448878
-0.042163
-0.644504
1.752250
-0.482611
-0.483616
-0.133826
-0.395819
0.123334
-0.031925
0.637621
-0.138811
-0.146007
-0.107908
-0.707169
0.284651
-0.585809
-0.063339
-0.319138
-0.285207
-0.229828
0.434775
0.653756
0.084347
0.086079
-0.306945
0.120131
0.007417
0.219125
-0.248552
-0.066315
-0.072607
0.668355
0.258835
-0.567245
-0.161653
-0.019063
0.061081
0.164706
0.331848
0.061773
-0.174864
-0.339831
0.658409
-1.216302
-0.127587
-0.550250
-0.160942
0.567854
-0.666876
-0.389710
0.169085
-0.288458
-0.540602
0.239760
-0.118031
-0.519231
-0.743978
1.243073
-0.795161
0.671855
-0.040039
0.282135
0.040132
-0.432538
-0.607466
0.154253
-0.267251
-0.249811
0.078990
0.116001
-0.066864
0.450906
0.320724
-0.095205
-0.021613
0.101628
-0.529700
0.752977
-0.674332
-0.242582
0.191099
0.194343
0.063729
0.014809
0.497565
0.330155
0.453296
-0.569574
0.139495
0.028443
-0.686637
0.037629
-0.689717
-0.023556
0.332542
0.011130
-0.447632
-0.545558
-0.850705
-0.322799
-0.349435
-0.748547
-0.152662
-0.123356
0.209501
0.117841
0.015504
0.009191
0.193536
0.804314
-0.686275
-0.604177
0.588430
-0.108394
-0.206193
-0.016231
-0.388610
0.407125
0.457986
-1.153479
0.281974
0.137903
-0.023695
-0.582799
0.059926
-0.198669
-0.018213
-0.091825
-0.594486
-0.065637
-0.093703
0.137031
0.040082
-0.029029
0.026114
-0.808089
-0.275460
-0.025562
0.017274
0.140659
0.244852
0.027553
0.490142
0.336282
-0.389673
0.117356
-0.309633
-0.169376
-0.499737
-0.389260
0.467141
0.345062
-0.227198
-0.339284
0.125833
-0.280194
0.059495
0.253615
-0.164031
-1.307235
-0.016614
-0.085347
-0.739297
-0.040201
-0.274887
-0.255640
0.891434
0.473035
0.018754
0.284474
-0.354909
0.904751
-0.399621
-0.330628
-0.389740
-0.385747
0.311194
-0.459184
0.243055
-0.044317
-0.600216
-0.402510
-0.382304
-0.499550
0.282785
-0.125896
0.207944
0.404916
-0.205177
0.623345
0.277743
0.122248
-0.459962
-0.223266
-0.246254
0.019025
-0.585749
-0.030591
-0.488068
-0.476639
0.208436
-0.919300
0.205393
-0.195389
0.403007
0.044012
0.133209
-0.272279
0.344491
0.028077
-0.130071
0.331479
0.084619
0.577113
-0.185032
0.062179
-0.040685
-0.055957
-0.072893
-0.171897
-0.884487
0.212989
0.277551
-0.522337
-0.037355
0.137441
0.228749
0.336758
0.062458
0.047255
0.341130
0.263798
-0.436986
-0.294411
0.908284
-0.942037
-0.188993
-0.209876
-0.142532
1.363424
-0.468399
0.169721
-0.154255
-0.249380
0.641920
-0.195202
-0.620726
0.149651
-0.108477
-0.472669
-0.316486
-0.009958
0.055270
-0.191386
0.263162
0.044536
0.257700
0.177696
-0.557743
-0.030153
-0.417559
-0.613831
0.287841
0.347997
-0.311000
0.102929
-0.090663
0.291897
-0.513532
0.227945
-0.360288
-0.203806
0.514567
-0.523275
-0.000150
-0.479462
0.369533
-0.233168
0.308347
-0.108857
-0.554220
0.768236
-0.637639
-0.438998
-0.499487
-0.776292
0.111594
0.071380
0.275408
-0.695245
-0.020000
-1.243473
0.880692
0.232169
0.009671
-0.067768
-0.545036
0.397497
0.008230
0.553528
-0.708636
0.326460
0.548137
-0.246836
-0.142769
-0.410822
0.060875
-0.197232
-0.057983
-0.115153
0.086483
-0.037060
1.065137
-0.273050
-0.298317
0.122835
-0.049428
-0.336578
-0.549673
0.007328
-0.737627
-0.093725
0.078224
0.106910
0.246403
-0.558143
0.082895
-0.668347
1.034673
-0.476566
0.277631
-0.046701
0.382403
-0.235978
-0.533238
0.261277
-0.060028
0.151317
0.287626
-0.302713
-0.278898
0.079863
-0.494068
-0.236684
-0.059565
-0.317081
0.234258
-0.276032
-0.227340
-0.611961
-0.389350
-0.295547
-0.285680
-0.239396
-0.020458
0.575857
-0.267716
0.216631
-0.079779
0.200600
0.020355
-0.123322
-0.620432
-0.454304
0.254783
-0.010331
0.160877
-0.489277
0.598819
0.464629
-0.961079
-0.116016
0.009541
-0.056303
-0.454681
0.077464
0.225049
0.716911
-0.490067
-1.298069
0.128798
-0.323237
0.021870
0.298607
-0.094438
-0.292743
0.057300
-0.201478
-0.485290
-0.250164
-0.000290
0.159527
0.251629
0.211651
0.061094
0.029570
-0.312603
0.031143
0.135962
-0.301412
-0.181771
-0.103423
0.692670
0.755512
-0.080895
0.056439
0.002070
0.290835
0.833467
-0.115358
-0.454396
0.036349
-0.553240
-0.145849
-0.159008
0.032047
-0.506976
-0.289206
-0.184097
-0.652149
-0.420925
-0.574371
0.017702
-0.419334
-0.298826
0.050618
-0.048948
-0.256085
-0.201307
0.145091
-0.174022
0.434604
0.377790
-0.039711
-0.347587
-0.036832
-0.363309
-0.102930
-0.292834
-1.333826
0.220225
0.068324
-0.030471
-0.539890
-0.076754
-0.903586
0.065098
-0.217674
0.348427
-0.125512
0.867639
-0.128809
0.444046
-0.067243
-0.401532
0.184407
-0.376859
-0.001302
-0.164310
0.390194
0.185937
0.439945
-0.080338
-0.141018
-0.238247
-0.240939
0.239429
-0.054853
0.153486
-0.411125
0.297007
-0.412449
-0.699180
0.390846
0.440747
-0.184864
0.149426
0.237087
0.154561
-0.035925
0.073917
-0.177104
-0.241058
-0.100656
-0.037982
-0.015603
-0.037927
-0.268817
0.029737
-0.257292
-0.144268
-0.072212
0.148163
0.031439
0.378331
0.057870
-0.997241
-0.537623
0.079198
0.716112
-0.174111
-0.039864
-0.356092
0.000136
-0.452786
0.264039
-0.047162
-0.188498
0.378172
0.290658
-0.244552
-0.028948
-0.218449
-0.027889
-0.336329
-0.692989
0.203009
0.263857
-0.403690
-0.603956
-0.158113
-0.323654
-0.885782
1.045956
0.380576
0.440433
-0.217328
0.250141
-0.359630
-0.125857
-0.072277
0.130279
-0.299817
0.508720
-0.158020
0.014184
-0.566151
0.115545
0.867739
0.308711
0.081948
-0.343098
0.231489
-0.728361
0.030492
-0.082011
0.208676
-0.805035
0.710826
-0.226061
0.436297
0.031460
-0.612040
0.795378
-0.507919
-0.509160
-0.008406
-0.427255
-0.071571
-0.265740
-0.360239
0.357188
0.213317
0.083067
-0.299153
0.279054
-0.466679
0.089129
-0.282091
-0.476934
0.031092
0.064218
-0.046413
-0.058255
-0.402275
-0.203875
-0.280649
-0.410688
-0.322907
0.196511
-0.290876
0.171545
-0.058124
-0.172284
0.159244
-0.088747
0.266708
-0.165831
0.144609
-0.273748
0.329779
0.244637
0.673919
-0.032744
0.431708
0.074089
0.219490
-0.170496
0.210398
-0.875154
-0.779670
0.158275
-0.017115
-0.118149
-0.062412
0.156146
-0.016688
-0.057034
-0.487946
0.279686
-0.373300
-1.025573
-0.398026
0.237379
-0.469236
-0.172374
-0.502305
0.535191
-0.309716
0.297273
0.110841
-0.323299
-0.139440
-0.082333
-0.071602
0.208045
-0.825066
0.050017
-0.149259
-0.541898
0.174708
-0.444668
-0.412178
-0.145592
0.214614
-0.167054
-0.184164
0.547361
0.477304
-0.036768
0.320452
-0.637953
-0.173038
-0.079106
-0.551626
0.004113
0.423992
0.230568
0.156348
0.139263
0.017680
0.002144
-0.173796
-0.209269
-0.205979
-0.305908
-0.248155
-0.392113
-0.481211
0.027498
-0.314123
-0.045486
-0.310305
-0.165222
-0.019078
-0.238821
-0.086111
-0.146720
-0.151565
-0.370579
0.711162
-0.120690
0.599233
-0.585895
0.054308
-0.478170
-0.724653
0.086200
-0.145976
0.214937
-0.123072
-0.000661
0.196274
-0.236452
-0.515346
-0.169246
-0.145013
0.142849
-0.254576
0.066541
0.213540
-0.034275
0.196007
-0.427815
-0.163888
0.493556
0.428980
0.293419
0.112374
-0.595852
-0.153957
-1.091334
-0.918127
-0.075123
0.127418
-0.354427
0.073820
0.113568
-0.771335
0.449702
0.108737
-0.036745
-0.179298
-0.235488
-0.087250
-0.030682
0.185357
0.791374
-0.009970
-0.137434
0.725591
-0.078591
0.097023
0.252949
0.966555
-0.445333
-0.507990
-0.170737
0.085521
-0.045866
-0.615999
0.279133
-0.092839
-0.837046
0.047682
-0.208879
-0.046335
-0.195130
-0.325705
-0.107771
0.365857
-0.442377
0.419657
-0.105163
0.006291
-0.627684
0.552144
0.287253
-0.422951
-0.478280
0.005906
-0.400413
-0.871305
0.253888
-0.203524
0.110628
0.060775
-0.216344
0.254864
-0.195232
-0.659652
0.379070
0.027256
0.385972
-0.086876
0.428122
-0.045604
-0.209678
0.378795
-0.402998
0.087947
0.527357
-0.261565
0.624173
-0.015721
-0.470564
-0.041398
-0.554368
0.059651
-0.095270
-0.368252
-0.806898
-0.629858
-0.118918
-0.061043
0.026611
-0.361638
0.115195
-0.153254
0.226856
0.292315
-0.750351
-0.961769
-1.005453
0.423561
0.204728
0.267900
-0.134906
-0.085535
0.096033
-0.618474
-0.218333
0.184104
-0.460082
0.064951
-0.414759
-0.244735
0.179776
0.185042
0.183638
-0.498822
-0.234378
-0.249926
-0.181189
0.470611
0.059246
-0.275119
0.289122
-0.326831
0.286385
-0.054359
-0.340426
-0.137857
-0.269676
0.204671
0.130448
-0.190332
0.620320
-0.377427
-0.160766
-0.273585
0.315018
-0.160164
-0.155667
0.742504
-0.048939
0.055113
-0.507881
0.491130
-0.491444
0.336924
0.340116
-0.237484
-0.449826
0.010464
-0.810966
0.403565
-0.012194
-0.186774
-0.406498
0.559891
0.211511
0.641992
-0.254405
-0.092337
-0.299485
-0.383855
-0.221790
0.525708
-0.282361
-0.243497
-0.047231
0.116014
-0.416709
-0.456684
-0.003782
-0.206715
0.118302
-0.229974
-0.221470
0.075177
-0.617184
-0.153498
0.051932
-0.663368
0.155587
-0.138454
-0.266753
-0.216811
-0.287010
0.022538
-0.709286
0.578605
-0.290371
0.251538
-0.012770
-0.846456
-0.125219
0.200981
-0.171606
-0.511132
-0.080654
0.042376
0.138478
0.070775
-0.119516
-0.294500
-0.969377
0.037221
0.323067
-0.068861
-0.129351
0.123249
-1.010159
-0.137718
0.371100
-0.385075
0.440043
0.001436
0.669897
-0.306557
-0.248775
-0.114604
0.280867
-0.233706
0.050455
0.142512
0.320326
0.017791
-0.406145
-0.159262
0.029325
-0.242533
0.174887
0.179578
-0.134296
-0.277995
-0.196275
-0.637374
-0.563317
-0.419883
-0.571774
-0.149720
-0.159894
0.090964
0.234351
-0.688929
-0.721836
0.283945
0.631173
-0.209626
0.237500
0.116728
0.273383
0.001416
0.387054
-0.241811
-0.242154
-0.371855
-0.489026
0.043402
0.135336
0.171287
-0.090345
0.097892
-0.322055
0.081914
0.021508
0.066882
-0.221522
-0.314240
0.235980
-0.482117
0.551293
0.033266
-0.050445
-0.985979
-0.090470
-0.411942
-0.047526
-0.521804
-0.007321
0.002514
-0.129025
0.168053
-0.746916
0.250560
0.501892
-0.191001
-0.055088
-0.482111
0.268583
-0.167065
-0.269804
-0.141950
-0.488464
0.127593
0.364177
0.034667
-0.187337
-0.263861
-0.127940
-0.027199
0.092192
-0.074880
-0.202223
0.280788
0.126844
-0.685109
-0.137147
-0.175936
-0.093061
0.106158
0.284061
-0.159932
-0.309575
-0.574477
0.062688
0.052188
-0.366689
0.748093
-0.504210
0.287211
-0.121084
-0.059987
-0.886310
0.177290
0.108744
0.420458
0.172840
-0.082121
-0.040600
-0.214374
-0.148933
0.223745
-0.632372
-0.234675
0.634080
-0.080010
0.053634
-0.525022
-0.371924
-0.502782
-0.146822
0.254868
-0.262181
0.105546
0.206130
0.608330
-1.115947
-0.538967
-0.373534
0.129439
-0.038618
-0.218753
0.109612
-0.669408
-0.842824
0.441165
-0.653368
-0.335458
0.126351
-0.645286
-0.219585
0.031227
-0.183403
-1.215573
-0.358662
-1.504644
-0.310345
-0.208565
0.042847
0.230876
0.203872
0.262985
-0.443051
0.473586
0.370892
-0.108600
0.122430
-0.190856
-0.318027
-0.117022
0.132798
-0.072708
0.055974
0.268428
0.114558
-0.466564
-0.148265
-0.060948
-0.208640
-0.389380
-0.225710
-0.515248
0.284060
-0.051730
0.506980
0.617450
-0.219616
0.376981
0.310826
-0.576003
-0.058091
0.063746
0.123615
-0.161774
-0.325473
-0.160005
0.247498
-0.020614
-0.665514
-0.414963
-0.552304
-0.296913
-0.371883
-1.098420
0.079576
-0.786513
-0.585617
-0.063735
-0.432996
0.192769
0.315900
0.011315
-0.796367
-0.357246
0.046439
-0.483947
0.324824
-0.445436
-0.191008
-0.371079
-0.555836
-0.214329
-0.775987
0.009218
0.798197
-0.011320
-0.167507
-0.619618
0.695619
0.277228
-0.032260
-0.497454
-0.253128
0.136819
-0.828695
-0.527701
-0.253244
-0.096064
0.085451
0.594848
-0.254499
0.162805
-0.315941
0.230184
0.180567
0.447660
-0.760860
-0.298145
0.459093
-0.265466
0.026883
0.065990
-0.223364
0.159773
-0.091799
-0.165725
0.057800
-0.057299
0.023682
0.185005
-0.992356
0.180956
-0.226391
-0.001003
-0.119551
0.142465
-0.041580
-0.691233
0.224031
-0.138777
0.179460
-0.339765
0.185674
-0.184166
0.515792
-0.648903
-0.112757
0.133516
0.253501
-0.284695
-0.174528
-0.135176
-0.065242
0.319821
-0.195085
0.301326
-0.041260
0.070680
-0.203450
-0.510023
0.108666
-0.049969
-0.196599
-0.616322
0.519469
-0.162507
-0.183997
-0.148547
0.329170
-0.030655
0.119868
-0.304662
-0.118789
0.137381
-0.268578
0.057044
-0.473442
0.388845
-0.090412
0.022347
-0.160679
0.275533
0.399055
-0.093924
0.279823
-0.284770
-0.453820
-0.163406
-0.385147
-0.245740
-0.485034
0.282657
0.312533
-0.388723
0.536597
-0.245140
-0.055636
-0.227046
0.257231
0.093413
0.348300
0.125270
-0.868905
0.059224
-0.485030
0.154829
-0.405082
-0.155989
0.154679
-0.265287
0.045540
-0.255149
0.087284
0.361960
-0.074074
-0.254074
-0.424317
0.079935
-0.478926
-0.190290
-0.096993
0.233848
-0.012604
0.264435
-0.128783
0.774323
-0.429615
-0.003947
0.095782
0.434018
0.265046
-0.443731
0.262262
-0.286252
-0.048507
-0.005071
-0.007674
-0.675438
0.259098
-0.342194
0.019450
-0.543475
-0.704739
0.064348
-0.668100
0.240954
-0.282125
-0.033903
-0.042953
-0.285986
-0.329714
-0.028299
-0.181193
-0.030144
-0.133094
-0.534281
-0.049274
0.080244
-0.899915
-0.093428
0.132140
0.210896
-0.815466
-1.412440
-0.230985
-0.338636
0.425700
-0.293521
0.164091
-0.225145
-0.005691
0.088634
0.459287
-0.199253
-0.098498
-0.600202
-0.921836
-0.108429
0.117535
-0.684320
-0.228167
-0.279522
0.172629
-0.203088
0.001206
-0.209211
0.377884
0.033089
-0.346812
-0.009622
-0.022281
0.079492
-0.003905
-0.285711
0.515212
-0.459843
-0.114139
-0.251522
0.154883
0.133438
-0.436714
0.338801
-0.520920
-0.064577
-0.405704
-0.274196
-0.461707
-0.519195
-0.102896
-0.136591
-0.498303
0.226772
-0.030873
0.155079
-0.287546
-0.449222
0.031028
-0.903819
0.247800
-0.265022
-0.571504
-0.430388
-0.023348
-0.020048
-0.156064
-0.043999
-0.031879
-0.916565
-0.477942
-0.118281
0.144409
-0.409219
0.215851
0.683658
-0.218188
-0.419460
-0.211579
0.329129
-0.400706
-0.185083
-0.217890
-0.353873
-0.594224
-0.200042
-0.261750
-0.562497
0.260115
0.050254
0.195518
-0.261404
0.009487
0.521514
-0.745604
0.228057
-0.576721
-0.349555
0.251878
-0.841284
-0.218561
0.380671
0.421656
0.224931
-0.420633
-0.701929
0.112337
-0.389518
0.080199
0.057325
-0.745821
0.221711
-0.263695
0.293037
-0.735892
-0.634699
0.209538
0.295324
-0.037242
0.198305
-0.185754
0.144148
0.003384
-0.006069
-0.028965
-0.470246
-0.228151
-0.278667
0.225725
-0.064252
-0.047710
-0.036053
0.047792
-0.151808
-0.091849
-0.776142
0.004448
-0.070513
-0.621529
-0.126061
0.013795
-0.312942
0.208510
0.059953
-0.051379
-0.205173
0.380456
-0.456095
-0.557818
-0.242928
-0.104137
0.033417
-0.445269
0.033859
-1.237855
0.400923
-0.579540
-0.474270
-0.109220
0.130526
-0.926337
-0.488432
0.162824
-0.237286
0.409059
0.143752
0.339804
-0.010336
-0.384078
-0.322548
-0.208231
-0.135095
0.182038
-0.484622
-0.451187
0.034676
-0.099977
-0.409710
-0.123131
-0.093833
-0.318382
-0.378646
-0.425212
0.453729
-0.529166
0.211551
-0.658566
-0.192254
-0.328250
0.162046
-0.410097
0.194867
-0.846390
0.323028
0.297156
0.002043
-0.200252
0.243843
0.483172
-0.474350
-0.234759
0.289229
0.189696
0.337628
0.041408
-0.162651
0.132513
0.041806
-0.177884
0.050666
-0.890343
0.005120
-0.213348
0.048474
-0.232556
-0.187332
-0.173445
-0.004585
-0.146836
-0.248169
0.292008
-0.456520
0.434248
0.103365
-0.147584
-0.005203
0.012107
-0.132866
0.103609
-0.239248
-0.047559
-0.365203
-0.264656
0.003462
0.392410
-0.542817
-0.065455
-0.232373
0.431209
0.029585
-0.167089
0.010542
0.212969
0.003842
-0.254023
-0.486775
-0.724276
0.159064
0.315739
-0.506934
-0.238033
0.474708
-0.326236
0.235424
-0.031402
-0.091023
0.558711
-0.308999
-0.651294
-0.226279
0.052976
-0.076258
-0.244921
0.148277
-0.237052
-0.090918
0.321000
0.209455
0.132334
0.009599
-0.226067
0.274630
-0.815674
-1.357593
-0.272770
-0.026279
0.112766
-0.230033
-0.173521
-0.041598
-0.794409
-0.399872
-0.432761
0.000592
-0.208149
-0.124256
-0.426919
-0.174347
0.164068
-0.555509
-0.290938
-0.157085
-0.715944
-0.109883
-0.195810
-0.873868
0.183740
-1.087520
-0.814412
0.092616
0.203515
-0.797048
0.636578
0.104875
0.018906
-0.855969
-0.503160
-0.411272
0.473842
-0.563503
0.718774
-0.616569
-0.145309
-0.531485
-0.311845
-0.285375
-0.668867
-0.514097
0.062311
0.158325
0.107712
-0.100539
-0.100388
-0.372723
-0.813415
-0.002200
-0.149033
-0.301988
0.140996
-0.479312
-0.168238
-0.222065
-0.085945
-0.296581
-0.270348
0.768441
-0.009848
-0.200061
1.048754
-0.162123
-0.006514
0.225165
0.103854
-0.200141
0.351189
0.161405
0.199060
0.125694
0.059346
0.118246
-0.377324
-0.194821
0.182888
-0.124095
0.032232
-0.086929
-0.364073
0.322250
-0.356741
-0.008117
-0.099438
-0.028881
0.263842
0.118844
0.244212
-0.120684
-0.248846
0.808528
0.214366
0.717967
0.216448
-0.027448
0.160118
0.099285
0.189724
-0.048296
-0.222001
-0.311026
-0.427356
-0.126118
-0.248195
-0.159611
0.004960
0.370694
-0.695389
0.218148
-0.942732
0.851222
0.249954
0.323299
0.128559
-0.917842
0.367314
0.279833
-0.644412
-0.179272
-0.380576
0.785244
-0.103663
0.099264
-0.469270
-0.222020
0.228459
-0.066020
-0.154549
-0.124987
0.210853
-0.261717
-0.046578
-0.001316
0.039486
0.875080
-1.371108
-0.374586
-1.045363
-0.517934
0.503655
-0.004022
0.270610
-0.872005
-0.021304
-0.446871
0.186036
0.097135
0.301967
0.151661
-1.559235
-0.123929
-0.130230
0.857297
0.518401
-0.648706
-0.314152
-0.334773
-0.770670
-0.232435
0.349913
-0.124333
-0.279339
0.011518
-0.376866
-0.004414
-0.343280
0.237000
-0.139520
-0.769662
0.039152
-0.108001
-0.242184
-0.611193
-0.428742
0.164311
-0.561293
0.037382
0.317263
0.043731
-0.531313
0.188800
-0.217984
-1.186327
0.516940
-0.111474
-0.053725
-0.386633
-0.523627
-0.045859
0.158469
0.093504
0.087803
-0.491409
0.219974
0.449787
-0.161983
-0.344091
-0.534916
-0.199882
0.187736
0.277589
-0.317364
0.136034
0.182723
0.246900
-0.602595
-0.288029
-0.154797
0.008621
-0.207655
-0.119872
-0.063165
-0.275316
-0.330990
-0.417104
-0.217563
-0.385401
-0.692736
0.248911
-0.070468
-0.066593
-0.464986
0.307441
0.546317
0.250240
-0.098149
-0.580447
0.193157
-0.057280
-0.732868
0.378000
-0.254628
-0.287593
-0.599406
-0.123110
0.155418
-0.177049
-0.445530
0.080444
-0.748489
-0.281322
0.258904
-0.737237
-0.475190
1.130577
0.440554
0.122587
-0.583245
-0.492899
-0.441937
0.622755
0.208038
-0.457306
-0.095534
0.270285
-0.980775
-0.576077
-0.359667
0.014957
-0.273547
-0.301356
-0.188738
-0.676389
-0.155853
-0.247177
-0.373006
0.499555
0.142583
-0.262436
0.610562
-0.164490
-0.519658
-0.114506
0.324038
0.336126
-0.409114
0.201084
-0.446428
-0.569315
-0.227246
-0.018080
-0.124433
0.247044
-0.056194
-0.098316
-0.196498
-0.124500
-0.161088
0.023156
0.292340
0.214782
-0.127113
-0.257817
-0.205389
-0.206525
-0.294348
-0.322104
-0.534550
0.259488
-0.653362
-1.303054
0.088740
-0.241574
-0.170906
-0.130840
0.057853
-0.863051
0.816763
-0.307505
-0.355173
-0.242774
0.034604
-0.480338
-0.129952
0.233885
0.025532
0.133499
-0.112294
-0.426591
0.043851
-0.284430
-0.375423
-0.383599
0.146137
-0.313485
-0.671400
-0.549833
-0.135147
0.544089
-0.278875
-0.817733
-0.033644
0.200900
-1.381944
-0.035816
-0.094453
-0.281490
0.163439
-0.039589
-0.504278
-0.242387
0.059689
-0.110277
0.207923
-0.436867
-0.252429
-0.048633
0.410969
-0.152616
-0.422880
-0.746857
0.223083
-0.127963
-0.828334
0.189274
-0.271015
-0.881386
0.222837
-0.261827
0.290616
0.155782
-0.054677
-0.098499
-0.215528
0.068564
-0.478900
-0.142821
-0.478916
-0.135208
-0.760259
-0.122183
0.641361
-0.283153
-0.058579
0.713685
-0.406991
-0.327928
-0.453395
-0.282726
0.221462
-0.685885
-0.326855
-0.091391
0.252443
0.287150
0.179695
-0.156491
-0.128621
-0.150468
0.174312
0.109254
0.665040
0.378286
-0.665378
-0.222626
-0.285132
-0.155350
0.197415
-0.849344
0.070839
-0.460313
0.106828
0.054135
-0.229164
0.249026
0.396667
0.034019
-0.345265
-0.341905
0.371998
-0.172725
0.082704
-0.204926
-0.160326
-0.272416
0.035517
-0.194518
-0.479110
0.080217
-0.236302
0.261284
-0.963018
0.093590
-0.157214
-0.061384
-0.269234
-0.152669
-0.443742
-0.344700
-0.272075
-0.557060
-0.903023
0.008283
0.656142
-0.361654
-0.127980
0.323896
-0.211494
0.115689
-0.164676
-0.381375
-0.126264
-0.236124
0.168397
0.301390
0.120680
-0.254243
-0.235678
-0.332648
0.227648
0.304204
-0.376543
0.122266
0.236367
0.233921
-0.407085
0.072632
-0.096939
0.436487
-0.431689
0.177277
-0.174115
-0.242105
-0.456629
-0.248002
-0.188745
-0.124800
0.024182
-0.078639
-0.277189
0.472097
0.187498
-0.143400
0.540908
0.018674
0.116333
0.374495
-0.095730
0.386274
0.261941
-0.324420
-0.018037
-0.075664
-0.234910
0.285564
-0.105691
-0.230689
-0.159661
0.069298
-0.418187
-1.015528
0.095155
-0.512898
-0.439705
-1.223689
0.146970
0.022093
-0.574578
-0.372224
-0.214882
-0.587037
0.280144
0.091045
0.019136
0.208080
0.352455
0.400823
-0.325787
-0.182942
-0.309196
-0.354134
0.450728
0.568049
0.135839
-0.864970
-0.334506
-0.115245
-0.211648
0.134280
0.026822
-1.190536
-0.148006
0.001555
-0.282239
0.437741
0.551685
0.570983
0.323031
-0.270722
0.317508
-0.281523
-0.491828
0.155027
0.525526
-0.505743
-0.197258
0.334202
0.174492
0.061067
-0.632416
-0.115847
0.267839
-0.371690
1.521751
-0.200291
-0.328376
-0.124269
0.264975
-0.158955
-0.424832
0.066877
0.573356
0.178523
0.463665
0.366288
-0.679071
0.250573
0.416638
0.280787
0.146574
-0.636743
-0.153257
-0.233647
0.330117
0.247760
-0.359971
0.375899
-0.519843
-0.480409
-0.264006
0.004643
0.011721
0.538211
0.144030
0.157492
-0.076385
-0.528658
0.109282
0.107736
-0.930208
0.123460
0.304933
-0.795365
-0.036686
0.277504
0.091280
-0.105796
-0.297048
0.001528
0.403167
-0.401423
0.586725
0.158849
-0.777769
-0.061106
0.386183
-0.167898
-0.499484
-0.116028
-0.005382
-0.238580
-0.054804
0.229683
-0.506735
-0.695533
0.029947
0.043579
-0.122401
0.173196
-0.274347
-0.078405
-0.558856
0.005942
-0.379115
-0.297711
-0.016531
0.235866
-0.258499
-0.428773
-0.310720
0.286146
-0.463006
-0.243174
0.641561
0.200062
0.224956
-0.203517
0.296472
0.460715
0.241935
0.061025
0.413622
-0.227714
-0.234758
-0.447747
-0.252733
-0.119110
0.339533
-0.428643
0.001586
-0.133258
0.473231
0.096943
-0.057580
0.080583
0.101267
-0.134576
0.396378
-0.429490
-0.164295
-0.172184
0.031353
-0.021152
0.001246
0.169869
-0.411771
0.389479
-0.264187
-0.103427
0.139625
0.066271
0.199769
0.189877
0.112560
0.311469
-0.431264
-0.213185
0.030967
0.121419
-0.127211
0.579449
-0.026326
0.105378
-0.282797
0.043506
0.218259
-0.699644
0.099930
-0.452306
0.420181
-0.675290
0.218358
-0.085950
0.750668
-0.471123
-0.074469
-0.228128
-0.361315
-0.118150
-0.038334
-0.160092
0.184776
0.184778
-0.549553
-0.272813
0.416812
0.508950
-0.287111
-0.199613
-0.095965
0.094385
0.659896
-0.631292
-0.484217
0.120370
0.479111
-0.827125
0.116862
-0.198712
0.044795
-0.131623
-0.124134
-0.144536
-0.315914
0.386197
-0.262457
-0.204636
-0.674422
-0.783322
0.281570
-0.234292
-0.121293
-0.050987
-0.313349
-0.092600
0.437743
-0.066247
1.062737
0.537604
-0.516691
-0.334298
0.236566
-0.043662
-0.424275
-0.131409
-0.266583
-0.825516
-0.929683
0.081602
-0.506022
-0.417627
-0.315994
-0.165016
-0.561062
-0.382678
0.528599
0.100037
-0.011941
-0.327035
0.064601
-0.148970
0.827824
0.206507
0.032638
-0.205255
0.057842
0.356628
0.294401
-0.008919
0.190374
0.416921
-0.152912
0.344190
-0.128068
-0.436635
-0.028348
-0.130581
0.016522
-0.285075
-0.556083
-0.061820
-0.115839
0.240775
-0.160192
-0.058225
-0.221870
-0.163151
-0.167261
0.340373
-0.161896
0.483894
-0.114537
0.160900
-0.135372
-0.046315
-0.240688
0.124208
-0.228505
-0.249543
0.398234
-0.296471
-0.326707
0.081990
-0.138478
0.142166
-0.154420
0.083541
0.026357
-0.439037
-0.239145
0.217828
-0.576632
0.248525
-0.058995
0.104127
0.331064
-0.551423
-0.207311
0.346634
-0.084298
0.068745
0.236773
-0.315020
-0.355896
-0.386967
0.206169
-0.359650
0.211321
-0.434460
-0.622834
0.095020
-0.308765
-0.236005
-0.124747
-0.067092
-0.365328
-0.105028
-0.611326
-0.034285
0.881978
-0.018997
-0.232273
-0.059622
0.210143
0.281184
0.654751
-0.111843
0.034531
-0.651142
-0.465604
0.245385
-0.063098
-0.179707
-0.963958
-0.461307
-0.293100
-0.142956
-0.076842
0.040168
-0.139528
-0.256224
-0.467907
-0.316495
0.197728
-0.719996
0.758872
0.246221
-0.287143
-0.229951
-0.917531
-0.237933
0.109900
0.144557
0.242599
-0.048558
0.320771
-0.573772
-0.099341
0.140640
-0.233049
-0.336081
-0.125246
-0.270441
-0.132601
-0.290528
-0.423419
0.186187
-0.321081
-0.591869
-0.377544
-0.088340
-0.238363
-0.595265
0.008049
-0.722282
0.632222
-0.573328
0.081464
0.082976
-0.113964
-0.181667
-0.631859
-0.076465
0.328492
-0.217796
0.115965
0.091483
-0.478882
0.642175
0.187499
-0.375204
-0.047129
0.399708
0.327590
-0.243459
-0.392862
0.107416
0.234939
0.002661
-0.014094
-0.024643
-0.001956
-0.826107
-0.462534
-0.059811
-0.125021
-0.236121
0.159826
0.085254
-0.219249
-0.081911
0.440902
-0.572866
-0.100350
-0.335953
-0.671493
-0.062414
-0.163522
0.376881
0.173170
-0.076922
0.263115
-0.306366
0.085740
-0.861476
-0.018607
0.366411
-0.742456
-0.536140
-0.257733
-0.196399
0.191158
0.014157
-0.495721
-0.674516
-0.449423
-0.093349
0.057081
0.163191
-0.323257
0.186121
-0.834169
-0.053893
0.105063
-0.305073
-0.389952
-0.335775
-0.417005
-0.049153
0.118223
0.084638
0.043403
0.338739
0.064157
-0.263760
-0.172344
0.007994
-0.109938
-0.307463
0.079227
-0.208709
0.635223
-0.379662
-0.409644
-0.102332
0.163303
0.003768
-0.455359
0.022264
-0.369832
-0.128180
0.516866
-0.417752
-0.311955
0.068013
-0.095909
-0.369763
-0.033560
-0.797606
-0.211577
-0.858162
-0.079558
-0.111277
-0.060680
0.105392
-0.039062
-0.161206
0.416291
-0.475879
-0.394166
-0.876486
0.128240
0.058175
-0.311775
-0.606595
-0.452905
-0.486549
0.045052
-0.052402
-0.378374
0.235888
0.281385
0.244459
-0.193320
0.199594
-0.666483
-0.435035
0.344653
-0.044725
0.187840
0.055933
0.077839
-0.004470
0.085399
-0.200345
-0.277173
-0.501840
-0.108676
0.459138
0.215369
0.126379
-0.478712
-0.185722
-0.352437
0.009791
0.607365
-0.069990
-0.436991
-0.158230
-0.408614
-0.216403
-0.136055
0.163864
-0.365256
0.345305
0.060819
-0.196901
-0.006128
-0.210983
-0.039693
-0.446223
0.000208
-0.093431
-0.416178
-0.154526
-0.681013
-0.352669
-0.044077
-0.506718
-0.577140
-0.457338
0.171956
0.037967
-0.116678
0.111836
-0.039019
-0.068256
-0.182062
-0.579698
0.113111
-0.553061
0.565146
-0.456124
-0.308344
-0.899402
0.251569
-0.344909
0.287896
0.052637
0.475268
0.011617
-0.296359
1.063848
-0.149766
-0.208131
0.775214
-0.084973
0.171131
-0.362185
-0.350779
-0.896927
-0.519688
-0.204843
0.194713
-0.108001
-0.349513
-0.380392
-1.197110
-0.342362
-1.216064
0.382091
-0.908248
-0.529928
-0.535734
-0.374573
-0.225666
0.246608
0.076749
-0.554490
0.178642
-0.382313
-0.378705
0.013128
-0.038155
0.375581
-0.403140
-0.262825
0.233911
0.036174
0.314478
0.265165
0.283186
0.054904
-0.048689
-0.486086
-0.184928
0.509139
-0.235008
0.051051
0.020074
-0.714582
0.237828
-2.548986
0.212592
0.007845
0.334742
-0.947591
-0.095373
0.405188
-0.403752
-0.550793
-0.254967
-0.079153
0.621225
0.268120
-0.164324
-0.215571
-0.264375
0.016234
-0.183095
-0.039487
-0.624347
0.096929
-0.244039
0.065498
-0.431374
-0.057020
-0.185201
0.440263
-0.732716
0.075634
-0.066359
0.104684
0.451162
0.220062
0.149500
0.157087
-0.245405
-0.157250
0.260064
0.052782
0.006776
0.030863
-0.463930
0.072596
-0.004253
0.181197
-0.016146
0.294619
0.209188
-0.718454
0.352223
-0.236279
-0.177429
-1.176198
-0.755096
-0.226646
0.061198
-0.167188
-0.388497
-0.332305
-0.284147
0.368392
-0.216072
-0.683214
-0.511187
0.345046
0.366800
0.086546
-0.525187
-0.218448
-1.022186
0.367170
-0.119135
-0.149738
0.176173
-0.181607
0.288741
-0.776379
-0.287055
-0.170265
-1.149545
0.249235
0.007808
-0.542230
-0.447217
0.181030
-1.141248
-0.520699
0.028238
-0.044751
-0.218585
0.022957
-0.025034
-0.465104
-0.412050
0.193876
-0.392519
-0.529747
0.280241
-0.028500
-0.868287
-0.571328
0.212434
-0.451822
-0.859426
-0.283868
0.378833
-0.845341
-0.024620
0.719943
-0.421805
-0.678055
-0.683942
-0.602234
-0.209060
0.454611
0.317671
0.067557
-0.371313
-0.149118
-0.391245
-0.291645
0.008062
-0.534491
0.831188
-0.005227
0.093446
-1.075985
-0.141205
-0.166549
-0.295150
-0.322777
0.171215
0.075818
-0.261362
-0.103249
-0.265815
-0.497888
0.363847
-0.337281
-0.759032
0.133525
0.409513
0.544556
0.006502
-0.134077
-0.252680
-0.102932
-0.233135
-0.221930
-0.205148
0.349668
0.016603
0.136688
-0.176634
0.046396
0.368317
0.288213
0.263115
0.099337
0.551375
-0.051086
-0.145452
-0.552249
-0.116333
0.221947
0.371913
0.332910
-0.099621
-0.710647
0.043882
0.470064
-0.299245
-0.149026
-0.703506
-0.137583
0.142427
-0.305508
-0.139860
0.824492
-0.035197
0.413751
0.378320
-0.237865
-0.209637
-0.047735
0.237335
-0.560145
0.016892
0.003815
-0.246401
-0.178951
-0.033203
0.236507
-0.395211
0.120379
-0.231508
-0.295298
-0.338044
0.155035
0.338661
0.430585
-0.231044
-0.633264
-0.275741
0.348885
0.211098
-0.334353
0.216908
0.127622
-0.496236
0.523056
-0.660069
-0.128760
0.214252
-0.669784
0.261301
-0.297421
0.170447
-0.776236
-0.143401
0.220652
-0.532346
0.252343
-0.545209
0.035568
0.108805
0.167816
-0.076501
-0.046659
-0.112029
0.358067
-0.087784
0.120915
-0.557483
-0.314351
0.010610
-0.413804
0.245761
-0.081570
0.793366
-0.307724
-0.043104
-0.243478
-0.197224
-0.297272
0.010665
0.024246
-0.356213
-0.259571
-0.001921
-0.271555
0.312533
-0.180607
0.057854
0.045356
-0.352331
-0.438839
0.370201
0.275302
0.036821
-0.162773
0.046320
0.436753
-0.473690
0.176435
0.378368
-0.144401
0.270086
-0.928664
-0.165777
-0.217759
-0.173119
0.132295
-0.493758
-0.032059
0.140267
-0.169032
-0.877269
-0.930764
-0.059167
-0.059171
0.187171
-0.701930
0.225575
0.109355
0.275180
-0.124821
0.309542
1.044065
-0.139243
0.251486
-0.203662
0.330394
0.181231
0.205076
0.309848
-0.216935
-0.238315
0.007113
-0.636434
0.282795
0.209508
-0.098285
-0.361245
-0.145562
0.268030
-0.150296
-0.226649
-0.529722
-0.668626
-0.397726
-0.042584
0.142095
-0.355742
-0.315860
-0.288303
-0.275209
0.099860
-0.159353
0.094387
0.249385
0.014413
0.238990
0.185446
-0.432903
-0.663606
-0.339685
-0.774381
-0.464523
0.543079
0.514414
-0.404949
0.017448
0.169236
-0.327311
-0.210342
0.075997
0.373886
-0.210671
0.128508
0.210404
0.435021
0.319965
0.335601
-0.097985
0.522775
-0.513807
-0.189965
-0.014461
-0.066276
-0.044458
0.383281
0.548854
-0.239141
-0.367221
-0.372585
0.177750
0.337578
-0.346345
0.163221
0.013849
0.322825
0.122330
0.188716
-0.207999
-0.283858
-0.444613
0.037642
-0.491169
0.186446
-0.321863
-0.488946
-0.108725
-0.064729
-0.209232
-0.350339
-0.018466
0.097549
-0.977203
0.158313
-0.334464
-0.006375
-0.097902
0.155109
-0.369203
-0.262925
-0.226728
-0.749323
-0.193396
-0.130915
-0.085036
0.052930
0.129837
-0.354098
-0.234682
-0.092742
0.249568
0.378554
-0.026541
-0.495579
0.178827
-0.379865
-0.263810
-0.188526
-0.308233
0.673498
0.194668
0.527675
-0.730405
-0.210058
-0.044712
-0.026365
-0.247068
-0.254941
0.139355
0.214094
-0.155900
-0.003399
-0.849417
0.256444
-0.021133
-0.122231
-0.251943
0.221115
0.024935
0.234744
-0.161293
-0.001447
-0.371509
0.298643
-0.113676
-0.035645
-0.267040
0.164943
-0.962124
-0.420969
-0.676836
0.092861
-0.407187
-0.619755
-0.036612
0.155235
-0.598646
0.055463
0.319326
-0.177524
0.052454
-0.158073
0.438844
-0.282679
0.130903
-0.324326
-0.075544
-0.404653
0.392283
-0.316803
-0.232080
0.463962
-0.186701
0.284583
0.278830
-0.332013
-0.079398
0.299958
-0.267487
-1.131586
0.564998
-0.063582
-1.140139
-0.306025
0.338507
-0.748058
-0.568249
0.097911
-0.405161
0.124712
-0.451277
0.521150
-0.583984
-0.145952
0.092582
-0.670229
0.162844
0.021517
0.100561
-0.483016
0.281435
0.170549
-0.684046
0.012494
-0.157478
0.532860
-1.008682
-0.168707
0.278243
-0.154669
-0.423182
-0.076194
0.063543
0.213582
0.338122
-0.596709
-0.314007
-0.136206
-0.639956
-0.175649
-0.478722
0.344006
-0.576230
-0.164085
-0.433779
0.133336
0.325902
0.165462
0.020476
0.251060
-0.054741
-0.436235
-0.297012
-0.071269
-0.727085
-0.695926
0.356034
0.068037
-0.009685
-0.160175
-0.473605
0.085943
0.120712
-0.228522
-0.296666
-0.394146
-0.954867
0.005370
-0.287763
-1.124315
-0.747688
0.244838
0.036798
0.044964
0.152494
-0.181095
0.294603
0.325528
-0.643657
0.072485
-0.697684
-0.330864
0.230900
-0.350039
0.303328
0.358446
0.874521
-0.379510
0.836954
0.086447
0.039141
-0.309040
-0.314308
0.509273
0.151661
0.348506
0.437114
0.036809
-0.117228
-0.105356
-0.049523
-0.416291
-0.463844
-0.212386
0.315393
0.340028
-0.140731
0.320947
-0.127038
-0.595275
-0.241473
-0.018371
0.353285
-0.063028
0.609189
-1.233335
0.173688
-0.075720
0.023505
-0.760310
-0.106624
-0.148873
-0.273466
-0.068806
0.042521
0.076972
-0.752596
-0.005303
-0.071902
0.097915
0.182172
0.025460
0.022644
0.612582
0.161932
-0.158737
-0.352358
0.577581
-0.007387
0.048865
0.327413
0.328091
0.103383
0.253535
-1.022933
-0.229479
0.366359
0.209577
0.024859
-0.610052
-0.166474
0.106248
-0.035405
-0.191628
-0.311922
0.598085
-0.077426
0.159973
-0.117705
-0.319152
-0.527163
-0.458824
0.297025
-0.002012
-0.085399
0.161186
-0.374181
0.617537
0.047983
-0.063694
-0.218705
-0.174594
-0.138778
-0.278786
-0.108740
-0.255853
-0.079653
-0.690156
-0.190559
-0.702845
0.141850
0.280386
0.164915
-0.396840
-0.162021
0.127787
-0.324657
-0.199550
-0.381992
-0.192287
0.374165
-0.524030
-0.278651
0.294317
0.282197
0.107369
0.145066
-0.397207
-0.150254
0.377680
-0.526749
-0.978461
0.430187
0.032734
0.628452
0.088515
0.184770
-0.353181
-0.017289
0.164027
0.425434
0.435949
-0.832463
0.295017
0.341949
-0.189577
-0.062209
-0.301824
0.042048
-0.423989
-0.533506
-0.181209
-0.449188
-0.489570
0.037937
-0.216990
0.142649
0.359619
-0.229610
0.295770
0.375385
-0.665305
-0.312547
-0.223786
-0.536676
-0.105130
0.658050
-0.100056
-0.023735
-0.035291
-0.162022
-0.099782
0.440413
-0.553388
-0.074290
0.025884
0.835069
-0.330142
0.407116
-0.062410
0.009913
0.600952
-0.272056
-0.176400
-0.029354
-0.013132
0.035615
0.010028
-0.192084
0.099054
-0.030304
-0.407162
-0.077601
0.145340
0.346380
-0.695091
-0.851674
0.155336
-0.749798
-0.408407
-0.131789
-0.092431
-0.304654
0.158315
-0.605944
-0.007228
0.503994
-0.473076
-0.725203
-0.989800
-0.213437
0.322397
-0.098021
-0.309099
-0.117823
-0.413976
-0.308750
0.367913
0.148312
-0.015448
-0.202917
0.069908
0.205800
0.361377
-0.243773
-0.320187
0.187384
-0.326152
-0.128051
-0.609670
-0.196199
0.135450
-0.032653
-0.270709
-0.243480
-0.386268
-0.114432
0.080758
0.107772
-0.458443
-0.080279
-0.137944
0.105671
-0.453898
-0.127079
-0.181802
-0.484421
-0.018998
-0.473311
-0.615204
0.300503
0.140458
0.139085
-0.366402
-0.049968
-0.101043
0.114487
-0.689174
-0.066668
0.481066
0.500887
-0.020860
-0.207926
-0.503144
0.417152
-0.631552
-0.618557
-0.241004
-1.052492
0.004962
-0.201776
-0.091471
-0.542434
0.613507
-0.372329
-0.328714
-0.083533
0.267274
0.690302
0.603575
0.465364
0.287377
-0.129941
-0.047039
-0.217792
-0.172004
-0.431960
-0.165580
-0.034012
-0.610691
-0.782829
-0.095734
0.169744
-0.771537
0.115170
-0.230930
-0.265456
0.121230
-0.379614
0.003302
0.392883
-0.429628
0.301757
0.209800
-0.295866
-0.215810
-0.670654
0.449701
0.054530
-1.029422
0.465868
0.089080
0.582284
-0.384874
-0.564576
0.147009
0.499728
0.218630
-2.420501
0.053088
0.020236
0.289711
-0.192575
-0.759195
0.713795
0.178473
0.052335
-0.110679
0.128920
-0.377749
-1.110596
0.180978
-0.116822
-0.058732
-0.343083
-0.614643
-0.315326
-0.322046
-0.549646
0.122190
-0.646252
-0.587095
-0.028342
-0.275756
0.332278
-0.328916
0.312098
-0.194888
-0.219032
-0.146760
-0.217880
-0.201432
0.079251
0.284366
-0.455525
0.092254
-0.192965
-0.523361
-0.227511
-0.765343
0.271271
-0.019268
-1.481124
-0.230479
0.061155
-0.134485
0.186377
-0.205540
-0.436139
0.133788
-0.006418
0.186148
-0.095002
0.273609
-0.404300
-0.222926
-0.567662
0.386800
0.143430
0.458356
-0.024393
-0.071382
-0.369091
-0.204585
-0.856441
0.004198
0.078188
0.406864
0.016243
-0.345307
-0.100059
0.402398
-0.568917
-0.113881
-0.293686
-0.176131
-0.228612
0.658436
-0.169567
-0.259328
-0.045263
0.375378
0.398573
-0.579885
0.536138
0.171557
0.303125
-0.575735
0.341715
-0.506882
-0.513470
-0.053294
0.243555
-0.299718
-0.236011
0.226719
-0.015788
0.240874
-0.641463
0.422041
0.086350
-0.160867
-0.264054
-0.212243
0.518681
-0.067057
0.230777
0.306216
-0.020872
-0.160122
0.257158
0.525501
-0.020984
0.075219
-0.597180
0.390400
0.225286
-0.021484
-0.497809
0.182865
-0.391114
-0.409467
0.247360
0.407912
-0.188951
-0.168623
-0.104660
-0.336785
0.276945
0.023777
-0.358893
-0.645775
-0.767062
-0.262678
-0.581544
-0.192318
0.302829
0.013771
0.572557
-0.163933
0.255422
-0.295110
0.078391
-0.157045
0.047377
-0.043174
0.087963
0.353050
-0.252160
0.010944
-0.413084
-0.356651
-0.664157
-0.197525
-0.023289
0.257127
0.358511
0.427637
-0.906016
0.373121
-0.057377
0.201455
-0.814743
0.064579
-0.172718
0.403866
-0.291478
-0.546387
-0.176330
0.496419
0.061244
-0.520786
0.498660
-0.200486
0.110517
-0.124189
0.033102
-0.310796
-0.653681
-0.256570
0.551719
0.533247
0.091411
-0.163191
-0.314504
-0.590107
-0.050808
0.048921
-0.180052
0.162172
0.247763
-0.400766
0.080213
-0.336561
-0.349139
0.182081
0.146690
-0.572160
-0.215978
0.529080
-0.123208
0.871797
-0.441853
0.168648
-0.093225
-0.180576
-0.028671
0.072354
-0.335566
0.279162
0.195210
-0.310567
-0.294244
0.223880
-0.204710
0.341260
0.164585
-0.363359
0.617600
0.335956
0.646712
-0.881089
-0.466038
0.149648
-0.568355
-0.736779
-0.166894
0.073222
-0.039676
-0.589069
0.133744
-0.284377
0.006158
-0.118442
0.889780
0.530942
-0.121435
-0.193475
-0.222799
-0.039789
0.093226
-0.226697
0.016955
-0.753783
0.906464
0.018920
0.147347
-0.797322
0.286574
-0.556207
0.278242
-0.453987
0.246701
0.577255
0.094401
0.013489
0.532286
0.045724
0.458624
-0.090084
-0.069613
0.051113
-0.137784
-0.069483
0.459973
-0.558347
-0.159422
0.166638
-0.006968
-0.478562
0.097100
-0.279584
0.563976
0.102412
0.245937
0.238647
-0.260564
0.202617
0.191952
-0.197831
-0.719689
-0.204839
-0.046256
-0.608600
-0.924836
-0.048224
-0.099939
-0.358524
-0.481713
0.120992
0.364893
0.274356
-0.265790
-0.824554
-0.303507
-0.440751
-0.145813
0.169141
-0.440763
-0.162536
0.144007
0.083955
1.453499
-0.359902
0.065285
-0.122027
-0.242645
-0.139921
-0.211740
-0.084319
-0.274493
-0.311379
0.358630
0.014851
-0.221166
-0.058788
0.234919
-0.111275
-0.388630
0.272269
0.369074
-0.020134
-0.735278
0.092718
-0.011882
0.111106
0.491002
0.263147
-0.447447
-0.438199
0.261477
-0.181710
0.135541
-0.357078
-0.746987
-0.200413
0.257037
0.313822
0.435006
-0.425991
-0.063549
-0.437652
-0.973005
0.281779
-0.361508
-0.186578
0.088132
0.359746
-0.627729
0.097990
-0.304385
0.162016
0.127279
0.013835
-0.190186
0.073552
0.187863
0.149730
0.099526
-0.778473
0.242279
-0.060356
-0.043775
0.042945
0.073771
0.292766
-0.262758
-0.853868
0.168137
-0.249575
-0.283352
-0.191931
0.035020
-0.109154
0.160955
-0.330931
-0.233189
-0.246390
0.399020
0.524418
-0.239904
-0.372191
-0.496607
-0.261254
-0.086655
-0.273111
0.167997
-0.372938
0.181367
0.194088
0.189086
0.017577
0.286290
-0.417878
0.200514
-0.122395
0.751119
0.304500
-0.196786
-0.242475
0.119423
-0.035651
-0.307547
-0.373681
-0.708084
0.007601
-0.063343
-0.685018
-0.246067
-0.454694
-0.101859
-0.344271
0.060629
-0.715503
0.573877
-0.506769
-0.767302
0.091780
-0.000135
-0.149689
-0.197027
0.277587
-0.609558
-0.766082
-0.317912
0.081994
-0.413098
0.259157
0.087493
-0.205585
-0.424804
0.381096
0.449509
0.264574
0.154635
0.340772
0.070515
-0.425157
-0.013313
0.096060
-0.394717
0.023819
-0.294461
-0.025784
0.578359
0.026305
-0.542976
0.488307
0.318786
-0.044828
0.218969
-0.987092
0.368301
-0.147246
-0.034013
-0.567683
-1.946518
-0.195001
-0.331286
-0.712373
0.093687
-0.088955
-0.195579
0.044710
-0.619059
0.266842
-0.965077
-0.688187
0.639550
0.089068
-0.195991
0.184438
-0.260862
-0.361052
0.072069
-0.171502
0.247157
0.159107
-0.408987
0.128053
0.069699
-0.050861
-0.017034
-0.603002
0.378592
0.130662
1.056654
-0.497937
-0.199537
0.166160
-0.311816
-0.159911
0.317321
0.293179
0.463395
0.013253
-0.366308
-0.118710
0.113343
-0.272924
0.393847
-0.208402
-0.204463
-0.445762
-0.223080
-0.575891
-0.650038
0.361371
0.062285
-0.594348
0.020792
-0.395747
0.412786
-0.112420
-0.137417
0.196485
0.104447
0.464058
-0.002074
-0.114066
-0.468820
0.221729
-0.187191
-0.380309
0.063448
-0.941643
-0.017229
0.532427
0.315954
-0.212068
-0.007893
0.340906
0.103197
-0.383528
-0.355787
0.706194
0.483491
-0.004667
0.097657
0.005737
-0.288114
0.140093
-0.831274
0.399981
-0.586653
0.637657
-0.054557
0.466273
0.058393
0.038647
-0.372728
-0.088062
-0.222166
0.447318
0.234557
-0.010435
0.246453
-0.316928
0.087828
0.098000
-0.289146
-0.909196
0.245525
-0.455481
-0.731076
-0.098567
-0.066994
-0.192978
0.493887
-0.010841
-0.347236
-0.131713
0.415633
0.369422
-0.086044
0.456754
0.348308
0.321862
-0.153598
0.551913
-0.162709
-0.142857
0.175002
-0.595325
-0.233496
-0.295928
-0.802894
0.302104
-0.267774
0.245904
-0.385971
0.293132
-0.362487
-0.218470
0.257320
0.202658
-0.202305
0.238698
0.170327
-0.252484
0.098123
0.756836
-0.252157
0.096429
0.451535
0.094716
0.477684
0.481602
0.023799
-0.145911
0.460094
-0.348228
-0.018453
0.521909
0.106135
0.060242
0.229319
0.325531
0.086440
0.288162
-0.305491
-0.000022
0.076383
-0.370406
0.159419
-0.374805
-0.118902
-0.641030
-0.376541
-0.068373
0.110397
-0.677877
-0.062642
-0.264723
-0.123243
-0.103268
0.591632
0.069112
-0.061467
0.204783
0.040542
0.250858
0.546647
0.664824
-0.012927
-0.165777
0.279149
-0.222820
-0.043276
-0.289477
0.468473
-0.335620
-0.132298
-0.652961
0.537766
0.170054
-0.444001
-0.268546
-0.020239
0.174148
-0.300044
-0.271387
0.083942
-0.161346
0.269319
0.149661
-0.017054
-0.405578
-0.489495
-0.054812
0.087528
-0.717002
0.073942
0.528903
-0.703255
0.042285
-0.039484
0.501957
0.151948
-0.018958
-0.042669
-0.131543
0.104650
-0.015238
-0.401528
0.420291
0.006928
0.421550
0.230383
0.433695
0.113671
0.059317
-0.167774
0.277305
-0.143639
-0.872378
0.095171
0.263486
0.412034
0.373348
-0.610933
0.104060
0.201944
-0.187677
0.164129
0.374566
-0.002360
-0.244760
-0.418910
0.137137
0.172653
-0.871290
-0.121009
0.075268
0.248671
0.398035
-0.480790
-0.332429
0.323291
0.192907
0.382018
0.199108
-0.347144
-0.151051
-0.045533
-0.703340
-0.304460
0.456078
-0.184138
-0.172781
-0.425580
0.072442
-0.032045
0.534873
0.071256
-0.169091
0.742919
0.429472
-0.338824
0.274655
0.015919
-0.228480
0.634213
-0.301797
-0.221878
-0.265171
-0.163129
-0.140857
0.190730
-1.858436
0.025858
0.291743
0.135788
-0.030689
-0.054418
-0.180798
-0.349104
0.420256
0.248191
-0.112684
-0.745404
0.241866
-0.761346
0.520888
-0.087504
-0.841378
-0.168957
-0.194666
-0.194326
-0.399434
-0.297965
0.011674
0.347404
0.062436
0.654487
0.640612
-0.014642
0.556496
-0.629399
-0.575790
0.013402
-0.282497
-0.633523
-0.480810
0.388246
-0.400708
0.032706
-0.436637
0.215075
-0.400841
-0.248315
0.069075
0.148666
0.176650
0.117837
-0.475413
-0.493143
-0.150607
0.045757
-0.879966
0.530917
-0.410508
-0.098045
-0.060153
-0.339263
0.263147
0.413349
-0.234089
-0.133974
0.268365
-0.208567
0.233444
-0.254890
0.391895
-0.235761
-0.077530
0.186708
0.011639
-0.163920
-0.153418
-0.103719
-0.244170
0.184528
0.005763
0.171567
-0.348959
-0.481999
-0.355974
0.166021
-0.203591
-0.994833
-0.646778
-0.001296
-0.159276
0.049615
-0.214747
-0.189412
-0.694765
-0.609321
-0.236332
-0.067098
-0.671815
-0.680071
-0.920117
-0.146578
-0.765602
-0.259303
-0.547390
0.575528
0.317946
-0.739276
-0.895049
-0.054635
-0.640988
-0.794472
0.030015
-0.059166
0.171871
-0.401368
-0.249083
-0.026439
0.630792
-0.247494
-0.175488
-0.582282
-0.426848
-0.195533
-0.309962
0.021211
-0.098830
0.623299
-0.394374
-0.037528
-0.437318
0.311618
0.392811
-0.266324
-0.266229
-0.500650
-0.200071
-0.580082
-0.393764
0.077621
-0.530577
0.385860
-0.318520
-2.441624
0.064058
-0.729760
0.314545
-0.178573
0.466044
0.040038
-1.456650
0.074138
0.518930
0.164258
0.100672
-0.523583
0.114422
-0.444321
-0.078863
0.005456
0.193763
0.493065
0.623525
0.045260
0.599945
-0.431518
-0.112313
-0.846827
0.570691
-0.051817
-0.220611
-0.098512
0.311798
0.245776
-0.458739
0.566336
-0.169563
0.110549
0.017934
-0.486634
-0.004413
-0.184927
-0.176450
-0.420798
0.055161
-0.452767
0.291930
-0.676169
-0.615972
0.021624
-0.054487
-0.027607
0.473308
0.055746
0.041466
-1.103357
-2.225980
-0.208443
-0.795681
-0.450514
-0.273756
-0.286566
0.227409
-0.052477
-0.964727
-0.386486
0.158973
0.140199
-0.106515
-0.027488
-0.747550
-0.427964
-0.103189
-0.259717
-0.462586
0.524206
0.115979
-0.298724
0.149544
-0.268800
0.401269
-0.343068
-0.122743
-0.045837
0.146626
-0.018316
0.188376
-0.379385
0.129121
0.505116
-0.201860
-0.444701
-1.725000
0.452505
-0.577371
0.094096
-0.193098
-0.103412
-0.084278
0.245866
-0.439221
0.272331
0.394979
0.171554
-1.051584
0.133685
0.512467
-0.244927
-0.293783
-0.268270
-0.495815
0.142837
0.414295
-0.256781
-0.060993
-0.330725
0.076574
0.114525
0.080824
-0.541231
-0.080873
-0.797390
-0.683452
-0.219333
0.046348
-0.063866
-0.457791
-0.374105
-0.509402
-0.194436
0.606796
-0.123273
-0.294990
-0.077605
-0.638093
-0.206245
-0.178036
0.076655
-0.085914
-0.172978
0.449162
0.144736
-0.209394
-0.156786
0.008953
0.052630
-0.122358
-0.232423
-0.378841
-0.164669
0.625954
0.631008
0.162363
-1.602973
0.052309
-0.794105
0.313676
-0.973327
-0.067080
-0.183257
-0.849492
-0.490625
0.408416
-0.502436
-0.273990
0.312560
0.559686
-0.623066
-0.497103
0.224417
-0.515546
-0.083953
-0.187064
0.181499
-0.216691
-0.917394
0.335923
0.209677
-0.018637
-0.643107
-0.494395
0.482653
0.347315
-0.294600
0.111142
0.273738
-0.204857
-0.361307
0.270189
-0.355403
0.025965
0.574866
0.025578
-0.506479
0.266316
-0.085315
-0.359769
-0.068954
-0.225968
-0.228078
-0.554034
-0.492634
-0.864494
0.185806
0.263304
-0.157970
0.186066
0.359199
-0.380851
-0.439277
-0.073618
0.004219
-0.400237
0.293876
0.815811
-0.025064
-0.086836
-0.473853
0.387480
-0.226877
0.212109
-1.129513
0.023182
-0.459109
-0.693321
0.053643
-0.311047
-0.243101
0.138406
-1.161601
-0.002241
-0.636702
0.023624
0.195211
0.007154
0.319228
0.675352
0.585130
0.550794
-0.136591
0.356229
0.036059
-0.218472
-0.012099
-0.056654
-0.134974
0.035473
-0.014140
-0.111149
0.071817
0.407080
0.074008
-0.088405
-0.387946
0.352217
-0.471569
-0.094574
0.422079
0.147782
-0.284510
0.059318
-0.072871
-0.011588
-0.346402
-0.030125
0.469687
-0.102981
0.269291
0.245022
0.025948
-0.432034
0.202266
0.845576
-0.059197
0.198038
-0.081383
-0.114355
0.007084
-0.399690
-0.166332
0.147762
0.212644
0.099669
0.047855
-0.110276
0.333870
-0.181971
-0.323379
-0.146069
-0.128009
0.453109
0.420435
-0.041569
0.606143
0.158522
0.375171
0.001578
-0.007891
-0.087661
-0.212339
-0.183113
0.299529
0.218218
0.158318
-0.847328
-0.048558
-0.159087
-0.385710
-0.616255
-0.227180
-0.552676
0.275827
-0.067393
-0.189472
0.548914
-0.227664
-0.265262
-0.313114
1.338889
0.240650
0.434857
-1.023675
-0.096805
0.547401
-0.563659
-0.082721
0.016762
-0.360134
-0.363601
-0.330438
0.479412
-0.189511
0.495043
0.487572
0.270332
-0.159047
0.410736
-0.389227
-0.209111
-0.563839
-0.513953
-0.142998
0.035641
0.020680
-0.533838
0.145331
0.002963
-0.093275
-0.044293
-0.067981
-0.017907
-0.224854
-0.161893
-0.257765
0.041734
0.026187
-0.462999
-0.126252
-0.323259
0.043017
-0.014508
0.038864
-0.051176
-0.179591
-0.334742
0.125801
0.231202
0.270349
0.174776
-0.392079
-0.012832
-0.229706
-0.538324
-0.482590
-0.549439
0.107985
0.239816
-0.108734
-0.126194
-0.580027
-0.198137
0.118948
-0.764767
0.320101
0.048875
0.012329
-0.544477
-0.170847
0.318284
-0.109456
0.078715
0.233113
-0.138628
-0.111985
-0.280289
-0.342914
-0.411801
-0.267431
-0.126714
0.054889
-0.952222
0.016358
0.246925
0.295947
-0.390526
0.220831
0.481918
-0.432930
-0.502125
-0.437004
0.554423
-0.053783
0.391548
-0.208384
-0.184617
0.031006
-0.327888
0.211092
-0.097398
-0.203390
-0.094924
0.733839
-0.763278
-0.076458
-0.608817
0.129584
-0.140163
-0.053302
-0.236486
0.104901
-0.450075
-0.219432
-0.164774
-1.513799
-0.285150
-0.373631
-0.161193
-0.179011
0.244148
0.011358
-0.236623
-0.298478
0.621768
-0.383715
0.397176
-0.476530
0.080495
0.012101
0.439216
-0.074960
-0.314905
-0.587823
-0.673733
-0.380401
0.221810
0.198859
-0.150233
0.017996
-0.374196
-0.225419
-0.020801
0.267034
-0.373152
-0.272683
0.121676
-0.826865
0.024371
-0.265822
-0.378477
-0.220155
-0.026019
-0.656705
0.240208
-0.114708
-0.296369
-0.449163
0.196682
0.168173
-0.571907
-0.039530
0.009521
-0.305457
-0.107277
-0.120490
0.069663
0.205931
-1.080032
-0.150423
-0.032314
0.064769
-0.379368
-1.028409
-0.063554
-0.150106
-0.336255
-0.009612
-0.520794
-0.387331
0.141120
0.599975
-0.005379
-0.648607
0.224367
0.325757
-0.183537
-0.373982
-0.192032
0.250310
-0.304763
-0.188855
-0.108389
0.583460
-0.470950
0.060505
0.085583
0.196538
0.040168
0.543147
0.384571
-0.306085
0.734888
-0.295727
-0.351632
0.207657
0.344846
0.116052
-0.097063
0.147924
0.367814
-0.514673
-0.287707
-0.615319
0.148537
-0.848190
-0.059045
-0.081228
-0.860677
0.258090
-0.440184
0.190690
-0.307073
-0.338440
-0.036927
-0.584587
-0.229833
-0.362492
-0.216509
0.103058
0.172825
-0.026756
0.345576
0.071226
0.114875
-0.375453
0.038607
-0.337517
-1.411287
0.398622
0.275360
-0.302477
0.628031
0.098417
-0.753702
-0.068478
-0.144708
0.358871
-0.070451
0.262953
0.011644
0.223019
0.113793
-0.573463
-0.187733
0.616170
-0.613232
0.334257
0.013846
-0.088585
0.013790
0.359722
0.015614
-0.075520
-0.117416
0.201156
-0.190855
0.045191
0.532098
-0.246655
0.303275
0.653995
0.470703
-0.434182
0.451026
-0.524176
-0.298830
0.203221
-0.565905
0.434843
0.150933
-0.278019
0.017218
-0.472115
0.288748
-0.208206
-0.174988
0.269508
-0.185499
0.255159
0.041244
0.132643
-0.217721
0.407848
0.229799
-0.294357
0.126711
-0.763320
0.484927
0.430852
-0.897417
0.618995
0.842155
0.139954
-0.696851
0.148391
-0.671378
-0.430486
-0.176567
-0.026051
-0.092142
-0.674973
-1.283901
0.285648
0.241547
0.351601
-0.509885
-0.413515
-0.217296
-0.131548
-0.099605
0.639164
-0.171428
-0.479949
0.129747
0.015475
-0.673851
-0.248573
0.058244
0.048984
-0.237500
0.080240
-0.528715
-0.332013
0.060582
-0.062711
0.770986
-0.641591
-0.287382
-0.295417
0.372812
0.147762
0.324381
0.333368
-0.304861
-0.263194
-0.179655
0.099438
-0.082670
-0.090645
-0.428890
-0.643969
-0.385805
0.448365
-0.845761
0.297299
-0.005039
0.095628
-0.292703
0.053260
-0.666410
-0.326370
0.097482
0.004412
0.275629
0.203993
0.273891
0.461237
-0.283387
-0.013009
0.221647
-0.360672
-0.009011
0.398467
0.053939
-0.021389
-0.198494
-0.051278
-0.406122
0.008691
0.296184
0.293407
-0.016472
0.223563
-0.240381
-0.047885
-0.297037
0.354916
-0.465118
0.168615
-0.358647
0.081760
-0.190963
-0.573624
-0.034449
-0.743422
-0.218276
-0.657377
-0.418240
0.051452
-0.764867
-0.390221
0.239155
0.465332
-0.270135
-0.113791
-0.097413
0.442085
-0.040239
-0.170018
-0.146783
0.256439
-0.133670
-1.900204
0.153117
-0.414990
-0.455855
0.660582
0.262046
-0.292357
0.144226
-0.641932
-0.492442
-0.564252
-0.092591
-0.091286
0.054350
-0.402844
0.714629
-0.226218
-0.055204
-0.346735
-0.212915
-0.097286
0.008904
-0.195780
-0.535099
-0.466243
-0.024453
0.310325
-0.458379
-0.692102
-0.279691
0.130032
0.176056
0.135634
-0.612605
-0.342907
-0.232721
0.039036
-0.404306
-0.037183
-0.362434
-0.065464
0.599573
-0.258124
0.009847
0.408968
-0.135799
-0.508026
-0.741842
-0.580453
-0.149632
-0.208869
-0.260524
-0.040536
-0.284765
-0.289081
-0.548685
0.176310
-0.251881
-0.749623
-0.069630
-0.554082
0.179662
-0.327934
-0.471104
-0.033240
-0.164059
-0.100705
0.193016
-0.383738
-0.049948
-0.314381
0.204704
-0.042258
0.040373
-0.110399
-0.037386
0.245263
0.044784
-0.555314
-0.269806
0.105505
-0.257798
0.170861
0.354870
-0.501487
-1.263487
0.243126
-0.322080
0.057789
-0.132299
-0.496113
0.147537
-0.234969
0.309912
-0.358315
-0.064710
-0.194673
-0.428219
0.215301
0.248987
-0.305129
0.028363
0.248082
0.252580
-0.081618
0.189230
-0.991996
-0.753705
0.001395
-0.270928
0.122459
-0.961263
-1.648124
0.240150
-0.442194
0.353623
-0.841287
-0.588233
0.576615
-0.022760
-1.746370
-0.131300
0.608486
0.522987
0.121297
-0.052154
-0.282636
-0.026523
-0.108322
0.511724
-0.388700
0.040260
-0.045618
-0.265021
0.105307
0.107950
-0.811484
-0.009717
-0.198775
-0.208881
-0.157716
-0.465026
-0.221678
0.274414
-0.078043
0.045344
-0.022418
-0.011960
-0.901096
0.453451
0.160961
0.293864
-0.425244
-0.874273
-0.518364
-0.300852
-0.788024
0.056242
0.173356
0.081093
0.081867
0.568029
-0.187886
-0.387051
-0.050232
0.238056
-0.157334
-0.036080
0.355371
0.208431
0.365560
-0.058059
0.361017
-0.212100
0.002570
-0.236190
0.104985
-0.385864
0.050878
-0.563302
-0.268669
-0.042497
0.087260
-0.440334
0.358726
0.436883
0.311835
0.290043
-0.483268
-0.242068
-0.053287
-0.273002
-0.649265
0.315765
0.301051
-0.397510
-0.070849
-0.929071
0.120968
0.228953
0.151131
-0.456632
0.667287
-0.482477
-0.299817
-0.453115
-0.611973
-0.208636
0.013953
0.054135
-0.154484
-0.360670
-0.115830
0.365294
0.399894
-0.178965
0.246098
0.030739
-0.203774
-0.520839
0.087475
0.321351
-0.206166
-0.355448
-0.501327
-0.170313
0.524499
-0.048280
-0.008217
0.544814
-0.424984
-0.272620
0.164762
0.309963
-0.521216
0.498522
-0.445530
0.093148
-0.520268
-0.181319
-0.108189
-0.026422
-0.402304
-0.226837
-0.218122
0.802887
0.212702
0.113710
0.550957
-0.225680
-0.010367
-0.260550
0.052797
-0.204260
-0.142528
0.200532
-0.207745
-0.130306
-0.828621
-0.027711
-0.511185
0.193920
0.052950
-0.524788
-0.244275
-0.368918
-0.374961
-0.046983
0.102755
0.351157
0.350954
-0.211934
-0.033618
0.602217
-0.391906
0.127282
-0.323232
-0.032902
-0.392504
-0.440962
-0.133172
-0.046945
-0.051878
0.122484
-0.067730
0.737129
-0.139600
-0.350190
-0.033599
-0.033852
0.652974
0.087795
0.232491
-0.228982
0.094130
-0.547399
0.063560
0.451618
0.522850
0.171404
0.567544
-0.302627
0.303710
-0.051350
0.145298
-0.342752
0.178219
0.159554
0.113038
0.252611
-0.165047
0.130992
-0.267438
-0.423217
0.175131
0.437668
-0.498097
0.147633
-0.040259
-0.107904
0.325408
-0.404182
-0.677708
-0.031347
-0.073548
-0.271177
-0.381683
-0.314490
0.411330
-0.053278
-0.010932
0.231345
-0.264148
-0.128518
-0.353309
-0.285414
-0.008291
-0.550951
-0.550605
-0.294305
-0.081509
-0.390419
-0.400849
0.296102
-0.944160
0.078053
0.295197
-0.907210
-0.370008
-0.515272
-0.497584
0.212472
-0.131759
-0.400231
0.796094
-0.152495
0.134531
-0.786944
-0.351997
-0.301174
0.164816
-0.473980
0.325151
-0.321982
-0.037195
0.046386
0.271443
0.290888
0.349810
0.010983
-0.090866
-0.219212
-0.017705
0.104099
-0.523357
0.490974
-0.642697
0.367185
0.185217
0.536616
0.003367
-0.483619
0.079808
-0.111316
0.176133
-0.143894
0.116878
-0.678342
0.049077
-1.803902
-0.329444
-0.632868
-0.062764
-0.189246
-0.546389
0.424006
0.187404
0.494498
-0.633523
-0.220823
0.041762
-0.318006
-0.144299
-0.291613
0.076509
-0.188581
-0.238649
-0.676394
-0.032438
0.160338
-0.560630
-0.201469
0.534383
-0.717723
-0.589536
0.270238
0.263047
-0.035280
-0.146790
-0.400201
0.347054
-0.355101
-0.582907
0.137338
-0.137673
-0.068597
-0.152441
-0.383018
-0.104811
-0.493831
0.311941
0.509557
-0.113896
-0.261019
-0.064477
-0.178430
-0.674380
0.177226
-0.190576
0.045722
-0.090893
0.023688
-1.071849
0.347354
0.366531
0.055345
-0.065732
-0.327005
0.442709
0.137340
0.344904
-0.078616
-0.450270
-0.120482
0.130983
-0.960089
0.781816
0.439703
-0.142630
-0.151091
-0.010327
0.091852
-0.735787
-0.395617
-0.112039
0.696033
0.060707
-0.287464
0.327242
0.163069
-0.234896
-0.024188
-1.645419
0.186240
-0.571021
-0.178943
0.116262
0.507389
0.240502
-0.739413
0.332335
-0.664096
0.595114
0.101176
0.013602
-0.632067
0.152240
-0.049988
-0.202409
-0.008477
0.207132
-0.033219
0.079933
0.209007
-0.745349
-0.169116
-0.397410
0.073758
-0.360162
-0.492504
0.240163
-0.193729
0.039500
-0.147687
0.205167
-0.638990
-0.863830
-0.531859
-0.284050
-0.427196
-0.136911
-0.057385
-0.008142
-0.173240
0.042012
1.024890
-0.645500
0.336186
-0.249552
0.211639
-0.132407
0.024416
0.017702
-0.342640
-0.384225
0.038248
-1.091540
-0.572159
-0.102782
0.185533
0.150040
-0.295463
-0.505020
-0.303621
0.127847
-0.244263
-0.690307
0.277748
-0.311166
0.377299
-0.608613
-0.147550
0.149933
0.048605
-0.018376
-0.125127
-0.085679
-0.149915
0.309975
-0.372852
0.004410
-0.320191
0.002233
0.244422
0.642498
0.049823
0.339207
-0.274490
-0.503365
-0.246132
-0.355184
-0.101699
-0.085388
-0.059579
0.346030
-0.364860
0.205648
-0.264363
-0.069593
0.487389
0.113480
0.345532
-0.244607
-0.113178
-0.520984
-0.043160
-0.353451
0.099704
-0.216694
0.008189
0.268849
-0.417720
-0.181506
-0.250861
-0.134691
-0.255719
-0.276870
0.171478
-0.002575
-0.901014
-0.341074
0.030774
-0.224303
-0.207695
0.139048
-0.164326
-0.276380
-0.271998
0.015934
-0.191601
-0.200476
-0.209318
0.108561
0.580002
-0.427375
0.022697
-0.557052
-0.122141
-0.119931
0.096875
-0.287705
0.088234
-0.279718
0.163611
-0.847428
-0.251381
0.103867
0.094005
-0.098524
0.201032
-0.554695
-0.054220
-0.219103
0.399537
-0.172126
0.372981
-0.169538
0.241536
-0.007853
-1.171778
-0.070526
0.348484
-0.032649
0.364873
-0.302003
-0.071776
-1.936588
0.177354
-0.379340
-0.386751
0.214426
0.074761
-0.278768
-0.617325
0.071350
-0.256403
0.034267
-0.297877
1.046833
0.006519
0.035305
-0.323553
-0.172720
0.320364
-0.032811
-0.338368
0.103659
0.116379
-0.205058
0.296381
-0.234742
0.096064
-0.231974
-0.153327
-0.098389
-0.008729
-0.449614
0.133255
-0.218275
-0.297289
-0.108966
0.176861
-0.441118
-0.487972
-0.332174
-0.305160
-0.086641
0.293737
0.047978
-0.710630
0.314056
-0.083657
-0.812169
0.293887
-0.127480
-0.251362
-0.593776
-1.030119
-0.476163
-0.040972
-0.338706
0.022902
-0.112056
-0.441968
0.368913
-0.523154
-0.022867
0.025525
-0.449417
0.007213
-0.177983
0.114329
-0.626815
0.113099
0.150726
-0.141791
-0.073089
-0.507183
-0.448578
-0.155461
0.032149
-0.031726
-0.150675
-0.213596
-0.455865
0.286840
0.332355
-0.380243
-0.444969
0.599221
-0.296917
-0.276587
0.393254
-0.743082
-0.017458
-0.117579
-0.188084
-0.472055
0.026816
0.046499
-1.716616
-0.016431
0.065357
-0.667451
0.251546
-0.275427
-0.823101
-0.143818
0.301819
0.055983
-0.213370
-0.044769
-0.442782
-0.094312
-0.191610
-0.817092
0.104978
-0.363112
0.119184
-0.252730
0.226026
-0.009831
-0.778803
0.111281
0.205921
-0.408046
0.214058
-0.293503
0.056564
0.511183
-0.427605
-0.220281
-0.518684
0.066081
-0.467177
-0.103495
-0.499522
-0.415809
-0.014831
0.293311
0.613626
-0.080068
0.354850
-0.556400
-0.669367
0.494367
-0.410463
-0.378140
-0.155982
-0.656895
0.409764
0.133547
0.223161
0.589813
-0.571664
-0.143684
-0.286351
-0.113044
0.034831
0.171057
-0.304426
0.350273
-0.634104
-0.251812
-0.379586
-0.381295
0.284807
0.151038
-0.599802
0.115108
-0.100197
-0.287625
-0.556306
-0.280501
-0.028176
-0.001052
0.253019
-0.419748
-0.255865
0.272553
0.300610
-0.081923
-0.248509
0.449469
-0.431358
0.132133
0.395796
-0.259760
0.071845
-0.014330
-0.103592
-0.718947
-0.415921
-0.450841
-0.255851
-0.233696
-0.478643
